RK4[0,1,2,3,8,9,10,11,32,33,34,35,40,41,42,43]:
0: [0 0 0 0 0 1 0 1 1 1 1 1 1 1 1 1]
1: [0 0 1 0 0 1 0 1 1 1 1 1 1 1 1 0]
2: [1 0 0 0 0 1 0 1 1 1 1 1 1 0 1 1]
3: [0 0 0 0 0 1 1 1 1 1 1 1 1 1 1 0]
4: [0 0 0 0 1 1 0 1 1 1 1 1 1 0 1 1]
5: [0 0 0 1 0 1 0 1 1 1 1 1 1 1 1 0]
6: [0 0 1 0 1 1 0 1 1 1 1 1 1 0 1 0]
7: [1 0 0 0 0 1 1 1 1 1 1 1 1 0 1 0]
8: [0 1 0 0 0 1 0 1 1 1 1 1 1 0 1 1]
9: [0 0 1 0 0 1 0 1 1 1 1 1 1 1 1 1]
10: [1 0 1 0 0 1 0 1 1 1 1 1 1 0 1 1]
11: [0 0 0 1 0 1 1 1 1 1 1 1 1 1 1 0]
12: [0 0 1 0 1 1 0 1 1 1 1 1 1 0 1 1]
13: [1 0 0 1 0 1 1 1 1 1 1 1 1 0 1 0]
14: [0 1 1 0 0 1 0 1 1 1 1 1 1 0 1 1]
15: [1 0 0 0 0 1 0 1 1 1 1 1 1 1 1 1]
16: [1 0 1 0 0 1 0 1 1 1 1 1 1 1 1 0]
17: [1 0 0 0 0 1 1 1 1 1 1 1 1 1 1 0]
18: [0 1 0 0 1 1 0 1 1 1 1 1 1 0 1 1]
19: [1 0 0 1 0 1 0 1 1 1 1 1 1 1 1 0]
20: [0 1 1 0 1 1 0 1 1 1 1 1 1 0 1 0]
21: [0 0 0 1 1 1 0 1 1 1 1 1 1 0 1 0]
22: [0 1 0 0 0 1 1 1 1 1 1 1 1 0 1 0]
23: [0 0 0 1 0 1 0 1 1 1 1 1 1 1 1 1]
24: [1 0 0 1 0 1 0 1 1 1 1 1 1 0 1 1]
25: [0 0 0 1 1 1 0 1 1 1 1 1 1 0 1 1]
26: [0 1 0 1 0 1 0 1 1 1 1 1 1 0 1 1]
27: [0 1 0 1 0 1 1 1 1 1 1 1 1 0 1 0]
28: [0 1 0 1 1 1 0 1 1 1 1 1 1 0 1 0]
29: [0 1 0 0 0 1 0 1 1 1 1 1 1 1 1 1]
30: [0 1 1 0 0 1 0 1 1 1 1 1 1 1 1 0]
31: [0 1 0 0 0 1 1 1 1 1 1 1 1 1 1 0]
32: [0 1 0 1 0 1 0 1 1 1 1 1 1 1 1 0]
33: [0 0 1 0 0 1 0 1 1 1 0 1 1 1 1 1]
34: [0 0 1 0 0 1 0 0 1 1 1 1 1 1 1 1]
35: [1 0 1 0 0 1 0 1 1 1 0 1 1 0 1 1]
36: [0 0 1 0 0 1 1 0 1 1 0 1 1 1 1 1]
37: [0 0 1 0 1 1 0 1 1 1 0 1 1 0 1 1]
38: [0 0 1 1 0 1 0 0 1 1 0 1 1 1 1 1]
39: [0 0 1 0 1 1 0 0 1 1 1 1 1 0 1 1]
40: [1 0 1 0 0 1 1 0 1 1 0 1 1 0 1 1]
41: [0 1 1 0 0 1 0 1 1 1 0 1 1 0 1 1]
42: [0 0 1 1 0 1 1 0 1 1 0 1 1 1 1 1]
43: [1 0 1 1 0 1 1 0 1 1 0 1 1 0 1 1]
44: [1 0 1 0 0 1 0 1 1 1 0 1 1 1 1 1]
45: [1 0 1 0 0 1 0 0 1 1 1 1 1 1 1 1]
46: [1 0 1 0 0 1 1 0 1 1 0 1 1 1 1 1]
47: [0 1 1 0 1 1 0 1 1 1 0 1 1 0 1 1]
48: [1 0 1 1 0 1 0 0 1 1 0 1 1 1 1 1]
49: [0 1 1 0 1 1 0 0 1 1 1 1 1 0 1 1]
50: [0 0 1 1 1 1 0 0 1 1 0 1 1 0 1 1]
51: [0 1 1 0 0 1 1 0 1 1 0 1 1 0 1 1]
52: [0 0 1 1 0 1 0 1 1 1 0 1 1 1 1 1]
53: [1 0 1 1 0 1 0 1 1 1 0 1 1 0 1 1]
54: [0 0 1 1 1 1 0 1 1 1 0 1 1 0 1 1]
55: [0 1 1 1 0 1 0 1 1 1 0 1 1 0 1 1]
56: [0 1 1 1 0 1 1 0 1 1 0 1 1 0 1 1]
57: [0 1 1 1 1 1 0 0 1 1 0 1 1 0 1 1]
58: [0 1 1 0 0 1 0 1 1 1 0 1 1 1 1 1]
59: [0 1 1 0 0 1 0 0 1 1 1 1 1 1 1 1]
60: [0 1 1 0 0 1 1 0 1 1 0 1 1 1 1 1]
61: [0 1 1 1 0 1 0 0 1 1 0 1 1 1 1 1]
62: [1 0 0 0 0 1 0 1 0 1 1 1 1 1 1 1]
63: [1 0 1 0 0 1 0 1 0 1 1 1 1 1 1 0]
64: [1 0 0 0 0 0 0 1 1 1 1 1 1 1 1 1]
65: [1 0 0 0 0 1 1 1 0 1 1 1 1 1 1 0]
66: [1 0 0 0 1 0 0 1 0 1 1 1 1 1 1 1]
67: [1 0 0 1 0 1 0 1 0 1 1 1 1 1 1 0]
68: [1 0 1 0 1 0 0 1 0 1 1 1 1 1 1 0]
69: [1 0 0 0 0 0 1 1 1 1 1 1 1 1 1 0]
70: [1 1 0 0 0 0 0 1 0 1 1 1 1 1 1 1]
71: [1 0 1 0 0 1 0 1 0 1 1 1 1 1 1 1]
72: [1 0 1 0 0 0 0 1 1 1 1 1 1 1 1 1]
73: [1 0 0 1 0 1 1 1 0 1 1 1 1 1 1 0]
74: [1 0 1 0 1 0 0 1 0 1 1 1 1 1 1 1]
75: [1 0 0 1 0 0 1 1 1 1 1 1 1 1 1 0]
76: [1 1 1 0 0 0 0 1 0 1 1 1 1 1 1 1]
77: [1 1 0 0 1 0 0 1 0 1 1 1 1 1 1 1]
78: [1 1 1 0 1 0 0 1 0 1 1 1 1 1 1 0]
79: [1 0 0 1 1 0 0 1 0 1 1 1 1 1 1 0]
80: [1 1 0 0 0 0 1 1 0 1 1 1 1 1 1 0]
81: [1 0 0 1 0 1 0 1 0 1 1 1 1 1 1 1]
82: [1 0 0 1 0 0 0 1 1 1 1 1 1 1 1 1]
83: [1 0 0 1 1 0 0 1 0 1 1 1 1 1 1 1]
84: [1 1 0 1 0 0 0 1 0 1 1 1 1 1 1 1]
85: [1 1 0 1 0 0 1 1 0 1 1 1 1 1 1 0]
86: [1 1 0 1 1 0 0 1 0 1 1 1 1 1 1 0]
87: [1 1 0 0 0 1 0 1 0 1 1 1 1 1 1 1]
88: [1 1 1 0 0 1 0 1 0 1 1 1 1 1 1 0]
89: [1 1 0 0 0 1 1 1 0 1 1 1 1 1 1 0]
90: [1 1 0 1 0 1 0 1 0 1 1 1 1 1 1 0]
91: [0 0 0 0 0 1 1 1 1 1 1 1 1 1 0 1]
92: [0 0 1 0 0 1 1 0 1 1 1 1 1 1 0 1]
93: [1 0 0 0 0 1 1 1 1 1 1 1 1 0 0 1]
94: [0 0 0 0 0 1 1 0 1 1 1 1 1 1 1 1]
95: [0 0 0 0 1 1 1 1 1 1 1 1 1 0 0 1]
96: [0 0 0 1 0 1 1 0 1 1 1 1 1 1 0 1]
97: [0 0 1 0 1 1 1 0 1 1 1 1 1 0 0 1]
98: [1 0 0 0 0 1 1 0 1 1 1 1 1 0 1 1]
99: [0 1 0 0 0 1 1 1 1 1 1 1 1 0 0 1]
100: [0 0 1 0 0 1 1 1 1 1 1 1 1 1 0 1]
101: [1 0 1 0 0 1 1 1 1 1 1 1 1 0 0 1]
102: [0 0 0 1 0 1 1 0 1 1 1 1 1 1 1 1]
103: [0 0 1 0 1 1 1 1 1 1 1 1 1 0 0 1]
104: [1 0 0 1 0 1 1 0 1 1 1 1 1 0 1 1]
105: [0 1 1 0 0 1 1 1 1 1 1 1 1 0 0 1]
106: [1 0 0 0 0 1 1 1 1 1 1 1 1 1 0 1]
107: [1 0 1 0 0 1 1 0 1 1 1 1 1 1 0 1]
108: [1 0 0 0 0 1 1 0 1 1 1 1 1 1 1 1]
109: [0 1 0 0 1 1 1 1 1 1 1 1 1 0 0 1]
110: [1 0 0 1 0 1 1 0 1 1 1 1 1 1 0 1]
111: [0 1 1 0 1 1 1 0 1 1 1 1 1 0 0 1]
112: [0 0 0 1 1 1 1 0 1 1 1 1 1 0 0 1]
113: [0 1 0 0 0 1 1 0 1 1 1 1 1 0 1 1]
114: [0 0 0 1 0 1 1 1 1 1 1 1 1 1 0 1]
115: [1 0 0 1 0 1 1 1 1 1 1 1 1 0 0 1]
116: [0 0 0 1 1 1 1 1 1 1 1 1 1 0 0 1]
117: [0 1 0 1 0 1 1 1 1 1 1 1 1 0 0 1]
118: [0 1 0 1 0 1 1 0 1 1 1 1 1 0 1 1]
119: [0 1 0 1 1 1 1 0 1 1 1 1 1 0 0 1]
120: [0 1 0 0 0 1 1 1 1 1 1 1 1 1 0 1]
121: [0 1 1 0 0 1 1 0 1 1 1 1 1 1 0 1]
122: [0 1 0 0 0 1 1 0 1 1 1 1 1 1 1 1]
123: [0 1 0 1 0 1 1 0 1 1 1 1 1 1 0 1]
124: [0 0 0 0 1 1 0 1 1 1 1 1 0 1 1 1]
125: [0 0 1 0 1 1 0 1 1 1 1 1 0 1 1 0]
126: [1 0 0 0 1 0 0 1 1 1 1 1 0 1 1 1]
127: [0 0 0 0 1 1 1 1 1 1 1 1 0 1 1 0]
128: [0 0 0 0 1 0 0 1 1 1 1 1 1 1 1 1]
129: [0 0 0 1 1 1 0 1 1 1 1 1 0 1 1 0]
130: [0 0 1 0 1 0 0 1 1 1 1 1 1 1 1 0]
131: [1 0 0 0 1 0 1 1 1 1 1 1 0 1 1 0]
132: [0 1 0 0 1 0 0 1 1 1 1 1 0 1 1 1]
133: [0 0 1 0 1 1 0 1 1 1 1 1 0 1 1 1]
134: [1 0 1 0 1 0 0 1 1 1 1 1 0 1 1 1]
135: [0 0 0 1 1 1 1 1 1 1 1 1 0 1 1 0]
136: [0 0 1 0 1 0 0 1 1 1 1 1 1 1 1 1]
137: [1 0 0 1 1 0 1 1 1 1 1 1 0 1 1 0]
138: [0 1 1 0 1 0 0 1 1 1 1 1 0 1 1 1]
139: [1 0 0 0 1 1 0 1 1 1 1 1 0 1 1 1]
140: [1 0 1 0 1 1 0 1 1 1 1 1 0 1 1 0]
141: [1 0 0 0 1 1 1 1 1 1 1 1 0 1 1 0]
142: [0 1 0 0 1 0 0 1 1 1 1 1 1 1 1 1]
143: [1 0 0 1 1 1 0 1 1 1 1 1 0 1 1 0]
144: [0 1 1 0 1 0 0 1 1 1 1 1 1 1 1 0]
145: [0 0 0 1 1 0 0 1 1 1 1 1 1 1 1 0]
146: [0 1 0 0 1 0 1 1 1 1 1 1 0 1 1 0]
147: [0 0 0 1 1 1 0 1 1 1 1 1 0 1 1 1]
148: [1 0 0 1 1 0 0 1 1 1 1 1 0 1 1 1]
149: [0 0 0 1 1 0 0 1 1 1 1 1 1 1 1 1]
150: [0 1 0 1 1 0 0 1 1 1 1 1 0 1 1 1]
151: [0 1 0 1 1 0 1 1 1 1 1 1 0 1 1 0]
152: [0 1 0 1 1 0 0 1 1 1 1 1 1 1 1 0]
153: [0 1 0 0 1 1 0 1 1 1 1 1 0 1 1 1]
154: [0 1 1 0 1 1 0 1 1 1 1 1 0 1 1 0]
155: [0 1 0 0 1 1 1 1 1 1 1 1 0 1 1 0]
156: [0 1 0 1 1 1 0 1 1 1 1 1 0 1 1 0]
157: [0 0 0 1 0 1 0 1 1 1 1 0 1 1 1 1]
158: [0 0 1 1 0 1 0 0 1 1 1 0 1 1 1 1]
159: [1 0 0 1 0 1 0 1 1 1 1 0 1 0 1 1]
160: [0 0 0 1 0 1 1 0 1 1 1 0 1 1 1 1]
161: [0 0 0 1 1 1 0 1 1 1 1 0 1 0 1 1]
162: [0 0 0 1 0 1 0 0 1 1 1 1 1 1 1 1]
163: [0 0 1 1 1 1 0 0 1 1 1 0 1 0 1 1]
164: [1 0 0 1 0 1 1 0 1 1 1 0 1 0 1 1]
165: [0 1 0 1 0 1 0 1 1 1 1 0 1 0 1 1]
166: [0 0 1 1 0 1 0 1 1 1 1 0 1 1 1 1]
167: [1 0 1 1 0 1 0 1 1 1 1 0 1 0 1 1]
168: [0 0 1 1 1 1 0 1 1 1 1 0 1 0 1 1]
169: [0 1 1 1 0 1 0 1 1 1 1 0 1 0 1 1]
170: [1 0 0 1 0 1 0 1 1 1 1 0 1 1 1 1]
171: [1 0 1 1 0 1 0 0 1 1 1 0 1 1 1 1]
172: [1 0 0 1 0 1 1 0 1 1 1 0 1 1 1 1]
173: [0 1 0 1 1 1 0 1 1 1 1 0 1 0 1 1]
174: [1 0 0 1 0 1 0 0 1 1 1 1 1 1 1 1]
175: [0 1 1 1 1 1 0 0 1 1 1 0 1 0 1 1]
176: [0 0 0 1 1 1 0 0 1 1 1 1 1 0 1 1]
177: [0 1 0 1 0 1 1 0 1 1 1 0 1 0 1 1]
178: [0 1 0 1 1 1 0 0 1 1 1 1 1 0 1 1]
179: [0 1 0 1 0 1 0 1 1 1 1 0 1 1 1 1]
180: [0 1 1 1 0 1 0 0 1 1 1 0 1 1 1 1]
181: [0 1 0 1 0 1 1 0 1 1 1 0 1 1 1 1]
182: [0 1 0 1 0 1 0 0 1 1 1 1 1 1 1 1]
183: [0 0 1 0 1 1 0 1 1 1 0 1 0 1 1 1]
184: [0 0 1 0 1 1 0 0 1 1 1 1 0 1 1 1]
185: [1 0 1 0 1 0 0 1 1 1 0 1 0 1 1 1]
186: [0 0 1 0 1 1 1 0 1 1 0 1 0 1 1 1]
187: [0 0 1 0 1 0 0 1 1 1 0 1 1 1 1 1]
188: [0 0 1 1 1 1 0 0 1 1 0 1 0 1 1 1]
189: [0 0 1 0 1 0 0 0 1 1 1 1 1 1 1 1]
190: [1 0 1 0 1 0 1 0 1 1 0 1 0 1 1 1]
191: [0 1 1 0 1 0 0 1 1 1 0 1 0 1 1 1]
192: [0 0 1 1 1 1 1 0 1 1 0 1 0 1 1 1]
193: [1 0 1 1 1 0 1 0 1 1 0 1 0 1 1 1]
194: [1 0 1 0 1 1 0 1 1 1 0 1 0 1 1 1]
195: [1 0 1 0 1 1 0 0 1 1 1 1 0 1 1 1]
196: [1 0 1 0 1 1 1 0 1 1 0 1 0 1 1 1]
197: [0 1 1 0 1 0 0 1 1 1 0 1 1 1 1 1]
198: [1 0 1 1 1 1 0 0 1 1 0 1 0 1 1 1]
199: [0 1 1 0 1 0 0 0 1 1 1 1 1 1 1 1]
200: [0 0 1 1 1 0 0 0 1 1 0 1 1 1 1 1]
201: [0 1 1 0 1 0 1 0 1 1 0 1 0 1 1 1]
202: [0 0 1 1 1 1 0 1 1 1 0 1 0 1 1 1]
203: [1 0 1 1 1 0 0 1 1 1 0 1 0 1 1 1]
204: [0 0 1 1 1 0 0 1 1 1 0 1 1 1 1 1]
205: [0 1 1 1 1 0 0 1 1 1 0 1 0 1 1 1]
206: [0 1 1 1 1 0 1 0 1 1 0 1 0 1 1 1]
207: [0 1 1 1 1 0 0 0 1 1 0 1 1 1 1 1]
208: [0 1 1 0 1 1 0 1 1 1 0 1 0 1 1 1]
209: [0 1 1 0 1 1 0 0 1 1 1 1 0 1 1 1]
210: [0 1 1 0 1 1 1 0 1 1 0 1 0 1 1 1]
211: [0 1 1 1 1 1 0 0 1 1 0 1 0 1 1 1]
212: [1 0 0 0 0 1 1 1 0 1 1 1 1 1 0 1]
213: [1 0 1 0 0 1 1 0 0 1 1 1 1 1 0 1]
214: [1 0 0 0 0 0 1 1 1 1 1 1 1 1 0 1]
215: [1 0 0 0 0 1 1 0 0 1 1 1 1 1 1 1]
216: [1 0 0 0 1 0 1 1 0 1 1 1 1 1 0 1]
217: [1 0 0 1 0 1 1 0 0 1 1 1 1 1 0 1]
218: [1 0 1 0 1 0 1 0 0 1 1 1 1 1 0 1]
219: [1 0 0 0 0 0 1 0 1 1 1 1 1 1 1 1]
220: [1 1 0 0 0 0 1 1 0 1 1 1 1 1 0 1]
221: [1 0 1 0 0 1 1 1 0 1 1 1 1 1 0 1]
222: [1 0 1 0 0 0 1 1 1 1 1 1 1 1 0 1]
223: [1 0 0 1 0 1 1 0 0 1 1 1 1 1 1 1]
224: [1 0 1 0 1 0 1 1 0 1 1 1 1 1 0 1]
225: [1 0 0 1 0 0 1 0 1 1 1 1 1 1 1 1]
226: [1 1 1 0 0 0 1 1 0 1 1 1 1 1 0 1]
227: [1 1 0 0 1 0 1 1 0 1 1 1 1 1 0 1]
228: [1 1 1 0 1 0 1 0 0 1 1 1 1 1 0 1]
229: [1 0 0 1 1 0 1 0 0 1 1 1 1 1 0 1]
230: [1 1 0 0 0 0 1 0 0 1 1 1 1 1 1 1]
231: [1 0 0 1 0 1 1 1 0 1 1 1 1 1 0 1]
232: [1 0 0 1 0 0 1 1 1 1 1 1 1 1 0 1]
233: [1 0 0 1 1 0 1 1 0 1 1 1 1 1 0 1]
234: [1 1 0 1 0 0 1 1 0 1 1 1 1 1 0 1]
235: [1 1 0 1 0 0 1 0 0 1 1 1 1 1 1 1]
236: [1 1 0 1 1 0 1 0 0 1 1 1 1 1 0 1]
237: [1 1 0 0 0 1 1 1 0 1 1 1 1 1 0 1]
238: [1 1 1 0 0 1 1 0 0 1 1 1 1 1 0 1]
239: [1 1 0 0 0 1 1 0 0 1 1 1 1 1 1 1]
240: [1 1 0 1 0 1 1 0 0 1 1 1 1 1 0 1]
241: [0 1 0 0 0 1 0 1 1 0 1 1 1 1 1 1]
242: [0 1 1 0 0 1 0 1 1 0 1 1 1 1 1 0]
243: [1 1 0 0 0 0 0 1 1 0 1 1 1 1 1 1]
244: [0 1 0 0 0 1 1 1 1 0 1 1 1 1 1 0]
245: [0 1 0 0 1 0 0 1 1 0 1 1 1 1 1 1]
246: [0 1 0 1 0 1 0 1 1 0 1 1 1 1 1 0]
247: [0 1 1 0 1 0 0 1 1 0 1 1 1 1 1 0]
248: [1 1 0 0 0 0 1 1 1 0 1 1 1 1 1 0]
249: [0 1 0 0 0 0 0 1 1 1 1 1 1 1 1 1]
250: [0 1 1 0 0 1 0 1 1 0 1 1 1 1 1 1]
251: [1 1 1 0 0 0 0 1 1 0 1 1 1 1 1 1]
252: [0 1 0 1 0 1 1 1 1 0 1 1 1 1 1 0]
253: [0 1 1 0 1 0 0 1 1 0 1 1 1 1 1 1]
254: [1 1 0 1 0 0 1 1 1 0 1 1 1 1 1 0]
255: [0 1 1 0 0 0 0 1 1 1 1 1 1 1 1 1]
256: [1 1 0 0 0 1 0 1 1 0 1 1 1 1 1 1]
257: [1 1 1 0 0 1 0 1 1 0 1 1 1 1 1 0]
258: [1 1 0 0 0 1 1 1 1 0 1 1 1 1 1 0]
259: [1 1 0 1 0 1 0 1 1 0 1 1 1 1 1 0]
260: [0 1 0 1 1 0 0 1 1 0 1 1 1 1 1 0]
261: [0 1 0 0 0 0 1 1 1 1 1 1 1 1 1 0]
262: [0 1 0 1 0 1 0 1 1 0 1 1 1 1 1 1]
263: [1 1 0 1 0 0 0 1 1 0 1 1 1 1 1 1]
264: [0 1 0 1 1 0 0 1 1 0 1 1 1 1 1 1]
265: [0 1 0 1 0 0 0 1 1 1 1 1 1 1 1 1]
266: [0 1 0 1 0 0 1 1 1 1 1 1 1 1 1 0]
267: [0 0 1 0 0 1 1 1 1 1 0 1 1 1 1 0]
268: [0 0 1 1 0 1 0 1 1 1 0 1 1 1 1 0]
269: [1 0 1 0 0 1 1 1 1 1 0 1 1 0 1 0]
270: [0 0 1 1 0 1 1 1 1 1 0 1 1 1 1 0]
271: [1 0 1 1 0 1 1 1 1 1 0 1 1 0 1 0]
272: [1 0 1 0 0 1 1 1 1 1 0 1 1 1 1 0]
273: [1 0 1 1 0 1 0 1 1 1 0 1 1 1 1 0]
274: [0 0 1 1 1 1 0 1 1 1 0 1 1 0 1 0]
275: [0 1 1 0 0 1 1 1 1 1 0 1 1 0 1 0]
276: [0 1 1 1 0 1 1 1 1 1 0 1 1 0 1 0]
277: [0 1 1 1 1 1 0 1 1 1 0 1 1 0 1 0]
278: [0 1 1 0 0 1 1 1 1 1 0 1 1 1 1 0]
279: [0 1 1 1 0 1 0 1 1 1 0 1 1 1 1 0]
280: [1 0 1 0 0 1 0 1 0 1 0 1 1 1 1 1]
281: [1 0 1 0 0 0 0 1 1 1 0 1 1 1 1 1]
282: [1 0 1 0 0 1 1 1 0 1 0 1 1 1 1 0]
283: [1 0 1 0 1 0 0 1 0 1 0 1 1 1 1 1]
284: [1 0 1 1 0 1 0 1 0 1 0 1 1 1 1 0]
285: [1 0 1 0 0 0 1 1 1 1 0 1 1 1 1 0]
286: [1 1 1 0 0 0 0 1 0 1 0 1 1 1 1 1]
287: [1 0 1 1 0 1 1 1 0 1 0 1 1 1 1 0]
288: [1 0 1 1 0 0 1 1 1 1 0 1 1 1 1 0]
289: [1 1 1 0 1 0 0 1 0 1 0 1 1 1 1 1]
290: [1 0 1 1 1 0 0 1 0 1 0 1 1 1 1 0]
291: [1 1 1 0 0 0 1 1 0 1 0 1 1 1 1 0]
292: [1 0 1 1 0 1 0 1 0 1 0 1 1 1 1 1]
293: [1 0 1 1 0 0 0 1 1 1 0 1 1 1 1 1]
294: [1 0 1 1 1 0 0 1 0 1 0 1 1 1 1 1]
295: [1 1 1 1 0 0 0 1 0 1 0 1 1 1 1 1]
296: [1 1 1 1 0 0 1 1 0 1 0 1 1 1 1 0]
297: [1 1 1 1 1 0 0 1 0 1 0 1 1 1 1 0]
298: [1 1 1 0 0 1 0 1 0 1 0 1 1 1 1 1]
299: [1 1 1 0 0 1 1 1 0 1 0 1 1 1 1 0]
300: [1 1 1 1 0 1 0 1 0 1 0 1 1 1 1 0]
301: [0 0 0 1 0 1 1 1 1 1 1 0 1 1 0 1]
302: [0 0 1 1 0 1 1 0 1 1 1 0 1 1 0 1]
303: [1 0 0 1 0 1 1 1 1 1 1 0 1 0 0 1]
304: [0 0 0 1 1 1 1 1 1 1 1 0 1 0 0 1]
305: [0 0 1 1 1 1 1 0 1 1 1 0 1 0 0 1]
306: [0 1 0 1 0 1 1 1 1 1 1 0 1 0 0 1]
307: [0 0 1 1 0 1 1 1 1 1 1 0 1 1 0 1]
308: [1 0 1 1 0 1 1 1 1 1 1 0 1 0 0 1]
309: [0 0 1 1 1 1 1 1 1 1 1 0 1 0 0 1]
310: [0 1 1 1 0 1 1 1 1 1 1 0 1 0 0 1]
311: [1 0 0 1 0 1 1 1 1 1 1 0 1 1 0 1]
312: [1 0 1 1 0 1 1 0 1 1 1 0 1 1 0 1]
313: [0 1 0 1 1 1 1 1 1 1 1 0 1 0 0 1]
314: [0 1 1 1 1 1 1 0 1 1 1 0 1 0 0 1]
315: [0 1 0 1 0 1 1 1 1 1 1 0 1 1 0 1]
316: [0 1 1 1 0 1 1 0 1 1 1 0 1 1 0 1]
317: [0 0 1 0 1 1 1 1 1 1 0 1 0 1 1 0]
318: [0 0 1 1 1 1 0 1 1 1 0 1 0 1 1 0]
319: [1 0 1 0 1 0 1 1 1 1 0 1 0 1 1 0]
320: [0 0 1 1 1 1 1 1 1 1 0 1 0 1 1 0]
321: [1 0 1 1 1 0 1 1 1 1 0 1 0 1 1 0]
322: [1 0 1 0 1 1 1 1 1 1 0 1 0 1 1 0]
323: [1 0 1 1 1 1 0 1 1 1 0 1 0 1 1 0]
324: [0 0 1 1 1 0 0 1 1 1 0 1 1 1 1 0]
325: [0 1 1 0 1 0 1 1 1 1 0 1 0 1 1 0]
326: [0 1 1 1 1 0 1 1 1 1 0 1 0 1 1 0]
327: [0 1 1 1 1 0 0 1 1 1 0 1 1 1 1 0]
328: [0 1 1 0 1 1 1 1 1 1 0 1 0 1 1 0]
329: [0 1 1 1 1 1 0 1 1 1 0 1 0 1 1 0]
330: [1 0 0 1 0 1 1 1 0 1 1 0 1 1 0 1]
331: [1 0 1 1 0 1 1 0 0 1 1 0 1 1 0 1]
332: [1 0 0 1 0 0 1 1 1 1 1 0 1 1 0 1]
333: [1 0 0 1 0 1 1 0 0 1 1 0 1 1 1 1]
334: [1 0 0 1 1 0 1 1 0 1 1 0 1 1 0 1]
335: [1 0 1 1 1 0 1 0 0 1 1 0 1 1 0 1]
336: [1 0 0 1 0 0 1 0 1 1 1 0 1 1 1 1]
337: [1 1 0 1 0 0 1 1 0 1 1 0 1 1 0 1]
338: [1 0 1 1 0 1 1 1 0 1 1 0 1 1 0 1]
339: [1 0 1 1 0 0 1 1 1 1 1 0 1 1 0 1]
340: [1 0 1 1 1 0 1 1 0 1 1 0 1 1 0 1]
341: [1 1 1 1 0 0 1 1 0 1 1 0 1 1 0 1]
342: [1 1 0 1 1 0 1 1 0 1 1 0 1 1 0 1]
343: [1 1 1 1 1 0 1 0 0 1 1 0 1 1 0 1]
344: [1 1 0 1 0 0 1 0 0 1 1 0 1 1 1 1]
345: [1 1 0 1 0 1 1 1 0 1 1 0 1 1 0 1]
346: [1 1 1 1 0 1 1 0 0 1 1 0 1 1 0 1]
347: [1 1 0 1 0 1 1 0 0 1 1 0 1 1 1 1]
348: [0 1 1 0 0 1 0 1 1 0 0 1 1 1 1 1]
349: [1 1 1 0 0 0 0 1 1 0 0 1 1 1 1 1]
350: [0 1 1 0 0 1 1 1 1 0 0 1 1 1 1 0]
351: [0 1 1 0 1 0 0 1 1 0 0 1 1 1 1 1]
352: [0 1 1 1 0 1 0 1 1 0 0 1 1 1 1 0]
353: [1 1 1 0 0 0 1 1 1 0 0 1 1 1 1 0]
354: [0 1 1 0 0 0 0 1 1 1 0 1 1 1 1 1]
355: [0 1 1 1 0 1 1 1 1 0 0 1 1 1 1 0]
356: [1 1 1 1 0 0 1 1 1 0 0 1 1 1 1 0]
357: [1 1 1 0 0 1 0 1 1 0 0 1 1 1 1 1]
358: [1 1 1 0 0 1 1 1 1 0 0 1 1 1 1 0]
359: [1 1 1 1 0 1 0 1 1 0 0 1 1 1 1 0]
360: [0 1 1 1 1 0 0 1 1 0 0 1 1 1 1 0]
361: [0 1 1 0 0 0 1 1 1 1 0 1 1 1 1 0]
362: [0 1 1 1 0 1 0 1 1 0 0 1 1 1 1 1]
363: [1 1 1 1 0 0 0 1 1 0 0 1 1 1 1 1]
364: [0 1 1 1 1 0 0 1 1 0 0 1 1 1 1 1]
365: [0 1 1 1 0 0 0 1 1 1 0 1 1 1 1 1]
366: [0 1 1 1 0 0 1 1 1 1 0 1 1 1 1 0]
367: [1 0 0 0 1 1 0 1 0 1 1 1 1 0 1 1]
368: [1 0 1 0 1 1 0 1 0 1 1 1 1 0 1 0]
369: [1 1 0 0 0 1 0 1 0 1 1 1 1 0 1 1]
370: [1 0 1 0 1 1 0 1 0 1 1 1 1 0 1 1]
371: [1 1 1 0 0 1 0 1 0 1 1 1 1 0 1 1]
372: [1 1 0 0 1 1 0 1 0 1 1 1 1 0 1 1]
373: [1 1 1 0 1 1 0 1 0 1 1 1 1 0 1 0]
374: [1 0 0 1 1 1 0 1 0 1 1 1 1 0 1 0]
375: [1 1 0 0 0 1 1 1 0 1 1 1 1 0 1 0]
376: [1 0 0 1 1 1 0 1 0 1 1 1 1 0 1 1]
377: [1 1 0 1 0 1 0 1 0 1 1 1 1 0 1 1]
378: [1 1 0 1 0 1 1 1 0 1 1 1 1 0 1 0]
379: [1 1 0 1 1 1 0 1 0 1 1 1 1 0 1 0]
380: [1 0 1 0 0 1 0 0 0 1 1 1 1 1 1 1]
381: [1 0 1 0 0 1 1 0 0 1 0 1 1 1 1 1]
382: [1 0 1 0 1 1 0 1 0 1 0 1 1 0 1 1]
383: [1 0 1 1 0 1 0 0 0 1 0 1 1 1 1 1]
384: [1 0 1 0 1 1 0 0 0 1 1 1 1 0 1 1]
385: [1 1 1 0 0 1 0 1 0 1 0 1 1 0 1 1]
386: [1 0 1 1 0 1 1 0 0 1 0 1 1 1 1 1]
387: [1 1 1 0 1 1 0 1 0 1 0 1 1 0 1 1]
388: [1 1 1 0 1 1 0 0 0 1 1 1 1 0 1 1]
389: [1 0 1 1 1 1 0 0 0 1 0 1 1 0 1 1]
390: [1 1 1 0 0 1 1 0 0 1 0 1 1 0 1 1]
391: [1 0 1 1 1 1 0 1 0 1 0 1 1 0 1 1]
392: [1 1 1 1 0 1 0 1 0 1 0 1 1 0 1 1]
393: [1 1 1 1 0 1 1 0 0 1 0 1 1 0 1 1]
394: [1 1 1 1 1 1 0 0 0 1 0 1 1 0 1 1]
395: [1 1 1 0 0 1 0 0 0 1 1 1 1 1 1 1]
396: [1 1 1 0 0 1 1 0 0 1 0 1 1 1 1 1]
397: [1 1 1 1 0 1 0 0 0 1 0 1 1 1 1 1]
398: [1 0 0 0 1 1 1 1 0 1 1 1 1 0 0 1]
399: [1 0 1 0 1 1 1 0 0 1 1 1 1 0 0 1]
400: [1 1 0 0 0 1 1 1 0 1 1 1 1 0 0 1]
401: [1 0 1 0 1 1 1 1 0 1 1 1 1 0 0 1]
402: [1 1 1 0 0 1 1 1 0 1 1 1 1 0 0 1]
403: [1 1 0 0 1 1 1 1 0 1 1 1 1 0 0 1]
404: [1 1 1 0 1 1 1 0 0 1 1 1 1 0 0 1]
405: [1 0 0 1 1 1 1 0 0 1 1 1 1 0 0 1]
406: [1 1 0 0 0 1 1 0 0 1 1 1 1 0 1 1]
407: [1 0 0 1 1 1 1 1 0 1 1 1 1 0 0 1]
408: [1 1 0 1 0 1 1 1 0 1 1 1 1 0 0 1]
409: [1 1 0 1 0 1 1 0 0 1 1 1 1 0 1 1]
410: [1 1 0 1 1 1 1 0 0 1 1 1 1 0 0 1]
411: [0 1 0 0 1 1 0 1 1 0 1 1 0 1 1 1]
412: [0 1 1 0 1 1 0 1 1 0 1 1 0 1 1 0]
413: [1 1 0 0 1 0 0 1 1 0 1 1 0 1 1 1]
414: [0 1 0 0 1 1 1 1 1 0 1 1 0 1 1 0]
415: [0 1 0 1 1 1 0 1 1 0 1 1 0 1 1 0]
416: [1 1 0 0 1 0 1 1 1 0 1 1 0 1 1 0]
417: [0 1 1 0 1 1 0 1 1 0 1 1 0 1 1 1]
418: [1 1 1 0 1 0 0 1 1 0 1 1 0 1 1 1]
419: [0 1 0 1 1 1 1 1 1 0 1 1 0 1 1 0]
420: [1 1 0 1 1 0 1 1 1 0 1 1 0 1 1 0]
421: [1 1 0 0 1 1 0 1 1 0 1 1 0 1 1 1]
422: [1 1 1 0 1 1 0 1 1 0 1 1 0 1 1 0]
423: [1 1 0 0 1 1 1 1 1 0 1 1 0 1 1 0]
424: [1 1 0 1 1 1 0 1 1 0 1 1 0 1 1 0]
425: [0 1 0 1 1 1 0 1 1 0 1 1 0 1 1 1]
426: [1 1 0 1 1 0 0 1 1 0 1 1 0 1 1 1]
427: [1 0 0 1 0 1 0 1 0 1 1 0 1 1 1 1]
428: [1 0 1 1 0 1 0 0 0 1 1 0 1 1 1 1]
429: [1 0 0 1 1 1 0 1 0 1 1 0 1 0 1 1]
430: [1 0 0 1 0 1 0 0 0 1 1 1 1 1 1 1]
431: [1 0 1 1 1 1 0 0 0 1 1 0 1 0 1 1]
432: [1 1 0 1 0 1 0 1 0 1 1 0 1 0 1 1]
433: [1 0 1 1 0 1 0 1 0 1 1 0 1 1 1 1]
434: [1 0 1 1 1 1 0 1 0 1 1 0 1 0 1 1]
435: [1 1 1 1 0 1 0 1 0 1 1 0 1 0 1 1]
436: [1 1 0 1 1 1 0 1 0 1 1 0 1 0 1 1]
437: [1 1 1 1 1 1 0 0 0 1 1 0 1 0 1 1]
438: [1 0 0 1 1 1 0 0 0 1 1 1 1 0 1 1]
439: [1 1 0 1 0 1 1 0 0 1 1 0 1 0 1 1]
440: [1 1 0 1 1 1 0 0 0 1 1 1 1 0 1 1]
441: [1 1 0 1 0 1 0 1 0 1 1 0 1 1 1 1]
442: [1 1 1 1 0 1 0 0 0 1 1 0 1 1 1 1]
443: [1 1 0 1 0 1 0 0 0 1 1 1 1 1 1 1]
444: [0 1 1 0 1 1 0 1 1 0 0 1 0 1 1 1]
445: [0 1 1 0 1 1 0 0 1 0 1 1 0 1 1 1]
446: [1 1 1 0 1 0 0 1 1 0 0 1 0 1 1 1]
447: [0 1 1 0 1 1 1 0 1 0 0 1 0 1 1 1]
448: [0 1 1 1 1 1 0 0 1 0 0 1 0 1 1 1]
449: [0 1 1 0 1 0 0 0 1 0 1 1 1 1 1 1]
450: [1 1 1 0 1 0 1 0 1 0 0 1 0 1 1 1]
451: [0 1 1 1 1 1 1 0 1 0 0 1 0 1 1 1]
452: [1 1 1 1 1 0 1 0 1 0 0 1 0 1 1 1]
453: [1 1 1 0 1 1 0 1 1 0 0 1 0 1 1 1]
454: [1 1 1 0 1 1 0 0 1 0 1 1 0 1 1 1]
455: [1 1 1 0 1 1 1 0 1 0 0 1 0 1 1 1]
456: [1 1 1 1 1 1 0 0 1 0 0 1 0 1 1 1]
457: [0 1 1 1 1 0 0 0 1 0 0 1 1 1 1 1]
458: [0 1 1 1 1 1 0 1 1 0 0 1 0 1 1 1]
459: [1 1 1 1 1 0 0 1 1 0 0 1 0 1 1 1]
460: [0 0 0 1 1 1 0 1 1 1 1 0 0 1 1 1]
461: [0 0 1 1 1 1 0 0 1 1 1 0 0 1 1 1]
462: [1 0 0 1 1 0 0 1 1 1 1 0 0 1 1 1]
463: [0 0 0 1 1 1 1 0 1 1 1 0 0 1 1 1]
464: [0 0 0 1 1 0 0 1 1 1 1 0 1 1 1 1]
465: [0 0 0 1 1 1 0 0 1 1 1 1 0 1 1 1]
466: [0 0 1 1 1 0 0 0 1 1 1 0 1 1 1 1]
467: [1 0 0 1 1 0 1 0 1 1 1 0 0 1 1 1]
468: [0 1 0 1 1 0 0 1 1 1 1 0 0 1 1 1]
469: [0 0 1 1 1 1 0 1 1 1 1 0 0 1 1 1]
470: [1 0 1 1 1 0 0 1 1 1 1 0 0 1 1 1]
471: [0 0 0 1 1 1 1 0 1 1 1 1 0 1 1 1]
472: [0 0 1 1 1 0 0 1 1 1 1 0 1 1 1 1]
473: [1 0 0 1 1 0 1 0 1 1 1 1 0 1 1 1]
474: [0 1 1 1 1 0 0 1 1 1 1 0 0 1 1 1]
475: [1 0 0 1 1 1 0 1 1 1 1 0 0 1 1 1]
476: [1 0 1 1 1 1 0 0 1 1 1 0 0 1 1 1]
477: [1 0 0 1 1 1 1 0 1 1 1 0 0 1 1 1]
478: [0 1 0 1 1 0 0 1 1 1 1 0 1 1 1 1]
479: [1 0 0 1 1 1 0 0 1 1 1 1 0 1 1 1]
480: [0 1 1 1 1 0 0 0 1 1 1 0 1 1 1 1]
481: [0 0 0 1 1 0 0 0 1 1 1 1 1 1 1 1]
482: [0 1 0 1 1 0 1 0 1 1 1 0 0 1 1 1]
483: [0 1 0 1 1 0 1 0 1 1 1 1 0 1 1 1]
484: [0 1 0 1 1 0 0 0 1 1 1 1 1 1 1 1]
485: [0 1 0 1 1 1 0 1 1 1 1 0 0 1 1 1]
486: [0 1 1 1 1 1 0 0 1 1 1 0 0 1 1 1]
487: [0 1 0 1 1 1 1 0 1 1 1 0 0 1 1 1]
488: [0 1 0 1 1 1 0 0 1 1 1 1 0 1 1 1]
489: [0 1 0 0 0 1 1 1 1 0 1 1 1 1 0 1]
490: [0 1 1 0 0 1 1 0 1 0 1 1 1 1 0 1]
491: [1 1 0 0 0 0 1 1 1 0 1 1 1 1 0 1]
492: [0 1 0 0 0 1 1 0 1 0 1 1 1 1 1 1]
493: [0 1 0 0 1 0 1 1 1 0 1 1 1 1 0 1]
494: [0 1 0 1 0 1 1 0 1 0 1 1 1 1 0 1]
495: [0 1 1 0 1 0 1 0 1 0 1 1 1 1 0 1]
496: [1 1 0 0 0 0 1 0 1 0 1 1 1 1 1 1]
497: [0 1 0 0 0 0 1 1 1 1 1 1 1 1 0 1]
498: [0 1 1 0 0 1 1 1 1 0 1 1 1 1 0 1]
499: [1 1 1 0 0 0 1 1 1 0 1 1 1 1 0 1]
500: [0 1 0 1 0 1 1 0 1 0 1 1 1 1 1 1]
501: [0 1 1 0 1 0 1 1 1 0 1 1 1 1 0 1]
502: [1 1 0 1 0 0 1 0 1 0 1 1 1 1 1 1]
503: [0 1 1 0 0 0 1 1 1 1 1 1 1 1 0 1]
504: [1 1 0 0 0 1 1 1 1 0 1 1 1 1 0 1]
505: [1 1 1 0 0 1 1 0 1 0 1 1 1 1 0 1]
506: [1 1 0 0 0 1 1 0 1 0 1 1 1 1 1 1]
507: [0 1 0 0 1 0 1 1 1 1 1 1 1 1 0 1]
508: [1 1 0 1 0 1 1 0 1 0 1 1 1 1 0 1]
509: [0 1 1 0 1 0 1 0 1 1 1 1 1 1 0 1]
510: [0 1 0 1 1 0 1 0 1 0 1 1 1 1 0 1]
511: [0 1 0 0 0 0 1 0 1 1 1 1 1 1 1 1]
512: [0 1 0 1 0 1 1 1 1 0 1 1 1 1 0 1]
513: [1 1 0 1 0 0 1 1 1 0 1 1 1 1 0 1]
514: [0 1 0 1 1 0 1 1 1 0 1 1 1 1 0 1]
515: [0 1 0 1 0 0 1 1 1 1 1 1 1 1 0 1]
516: [0 1 0 1 0 0 1 0 1 1 1 1 1 1 1 1]
517: [0 1 0 1 1 0 1 0 1 1 1 1 1 1 0 1]
518: [0 0 1 1 0 1 0 1 1 1 1 0 1 1 1 0]
519: [0 0 0 1 0 1 1 1 1 1 1 0 1 1 1 0]
520: [0 0 1 1 1 1 0 1 1 1 1 0 1 0 1 0]
521: [1 0 0 1 0 1 1 1 1 1 1 0 1 0 1 0]
522: [1 0 1 1 0 1 0 1 1 1 1 0 1 1 1 0]
523: [1 0 0 1 0 1 1 1 1 1 1 0 1 1 1 0]
524: [0 1 1 1 1 1 0 1 1 1 1 0 1 0 1 0]
525: [0 1 0 1 0 1 1 1 1 1 1 0 1 0 1 0]
526: [0 1 1 1 0 1 0 1 1 1 1 0 1 1 1 0]
527: [0 1 0 1 0 1 1 1 1 1 1 0 1 1 1 0]
528: [1 0 1 1 0 1 0 1 0 1 1 0 1 1 1 0]
529: [1 0 0 1 0 0 0 1 1 1 1 0 1 1 1 1]
530: [1 0 0 1 0 1 1 1 0 1 1 0 1 1 1 0]
531: [1 0 0 1 1 0 0 1 0 1 1 0 1 1 1 1]
532: [1 0 1 1 1 0 0 1 0 1 1 0 1 1 1 0]
533: [1 0 0 1 0 0 1 1 1 1 1 0 1 1 1 0]
534: [1 1 0 1 0 0 0 1 0 1 1 0 1 1 1 1]
535: [1 0 1 1 0 0 0 1 1 1 1 0 1 1 1 1]
536: [1 0 1 1 1 0 0 1 0 1 1 0 1 1 1 1]
537: [1 1 1 1 0 0 0 1 0 1 1 0 1 1 1 1]
538: [1 1 0 1 1 0 0 1 0 1 1 0 1 1 1 1]
539: [1 1 1 1 1 0 0 1 0 1 1 0 1 1 1 0]
540: [1 1 0 1 0 0 1 1 0 1 1 0 1 1 1 0]
541: [1 1 1 1 0 1 0 1 0 1 1 0 1 1 1 0]
542: [1 1 0 1 0 1 1 1 0 1 1 0 1 1 1 0]
543: [0 0 1 1 1 1 0 1 1 1 1 0 0 1 1 0]
544: [0 0 0 1 1 1 1 1 1 1 1 0 0 1 1 0]
545: [0 0 1 1 1 0 0 1 1 1 1 0 1 1 1 0]
546: [1 0 0 1 1 0 1 1 1 1 1 0 0 1 1 0]
547: [1 0 1 1 1 1 0 1 1 1 1 0 0 1 1 0]
548: [1 0 0 1 1 1 1 1 1 1 1 0 0 1 1 0]
549: [0 1 1 1 1 0 0 1 1 1 1 0 1 1 1 0]
550: [0 1 0 1 1 0 1 1 1 1 1 0 0 1 1 0]
551: [0 1 1 1 1 1 0 1 1 1 1 0 0 1 1 0]
552: [0 1 0 1 1 1 1 1 1 1 1 0 0 1 1 0]
553: [0 1 0 1 0 1 0 1 1 0 1 0 1 1 1 1]
554: [0 1 1 1 0 1 0 1 1 0 1 0 1 1 1 0]
555: [1 1 0 1 0 0 0 1 1 0 1 0 1 1 1 1]
556: [0 1 0 1 0 1 1 1 1 0 1 0 1 1 1 0]
557: [0 1 0 1 1 0 0 1 1 0 1 0 1 1 1 1]
558: [0 1 1 1 1 0 0 1 1 0 1 0 1 1 1 0]
559: [1 1 0 1 0 0 1 1 1 0 1 0 1 1 1 0]
560: [0 1 0 1 0 0 0 1 1 1 1 0 1 1 1 1]
561: [0 1 1 1 0 1 0 1 1 0 1 0 1 1 1 1]
562: [1 1 1 1 0 0 0 1 1 0 1 0 1 1 1 1]
563: [0 1 1 1 1 0 0 1 1 0 1 0 1 1 1 1]
564: [0 1 1 1 0 0 0 1 1 1 1 0 1 1 1 1]
565: [1 1 0 1 0 1 0 1 1 0 1 0 1 1 1 1]
566: [1 1 1 1 0 1 0 1 1 0 1 0 1 1 1 0]
567: [1 1 0 1 0 1 1 1 1 0 1 0 1 1 1 0]
568: [0 1 0 1 0 0 1 1 1 1 1 0 1 1 1 0]
569: [0 1 0 1 0 1 1 1 1 0 1 0 1 1 0 1]
570: [0 1 1 1 0 1 1 0 1 0 1 0 1 1 0 1]
571: [1 1 0 1 0 0 1 1 1 0 1 0 1 1 0 1]
572: [0 1 0 1 0 1 1 0 1 0 1 0 1 1 1 1]
573: [0 1 0 1 1 0 1 1 1 0 1 0 1 1 0 1]
574: [0 1 1 1 1 0 1 0 1 0 1 0 1 1 0 1]
575: [1 1 0 1 0 0 1 0 1 0 1 0 1 1 1 1]
576: [0 1 0 1 0 0 1 1 1 1 1 0 1 1 0 1]
577: [0 1 1 1 0 1 1 1 1 0 1 0 1 1 0 1]
578: [1 1 1 1 0 0 1 1 1 0 1 0 1 1 0 1]
579: [0 1 1 1 1 0 1 1 1 0 1 0 1 1 0 1]
580: [0 1 1 1 0 0 1 1 1 1 1 0 1 1 0 1]
581: [1 1 0 1 0 1 1 1 1 0 1 0 1 1 0 1]
582: [1 1 1 1 0 1 1 0 1 0 1 0 1 1 0 1]
583: [1 1 0 1 0 1 1 0 1 0 1 0 1 1 1 1]
584: [0 1 0 1 1 0 1 1 1 1 1 0 1 1 0 1]
585: [0 1 1 1 1 0 1 0 1 1 1 0 1 1 0 1]
586: [0 1 0 1 0 0 1 0 1 1 1 0 1 1 1 1]
587: [0 1 0 1 1 1 0 1 1 0 1 0 0 1 1 1]
588: [0 1 1 1 1 1 0 0 1 0 1 0 0 1 1 1]
589: [1 1 0 1 1 0 0 1 1 0 1 0 0 1 1 1]
590: [0 1 0 1 1 1 1 0 1 0 1 0 0 1 1 1]
591: [0 1 0 1 1 1 0 0 1 0 1 1 0 1 1 1]
592: [0 1 1 1 1 0 0 0 1 0 1 0 1 1 1 1]
593: [1 1 0 1 1 0 1 0 1 0 1 0 0 1 1 1]
594: [0 1 1 1 1 1 0 1 1 0 1 0 0 1 1 1]
595: [1 1 1 1 1 0 0 1 1 0 1 0 0 1 1 1]
596: [0 1 0 1 1 1 1 0 1 0 1 1 0 1 1 1]
597: [1 1 0 1 1 0 1 0 1 0 1 1 0 1 1 1]
598: [1 1 0 1 1 1 0 1 1 0 1 0 0 1 1 1]
599: [1 1 1 1 1 1 0 0 1 0 1 0 0 1 1 1]
600: [1 1 0 1 1 1 1 0 1 0 1 0 0 1 1 1]
601: [1 1 0 1 1 1 0 0 1 0 1 1 0 1 1 1]
602: [0 1 0 1 1 0 0 0 1 0 1 1 1 1 1 1]
603: [1 1 0 0 0 1 0 1 1 0 1 1 1 0 1 1]
604: [0 1 0 0 1 1 0 1 1 0 1 1 1 0 1 1]
605: [0 1 1 0 1 1 0 1 1 0 1 1 1 0 1 0]
606: [1 1 0 0 0 1 1 1 1 0 1 1 1 0 1 0]
607: [1 1 1 0 0 1 0 1 1 0 1 1 1 0 1 1]
608: [0 1 1 0 1 1 0 1 1 0 1 1 1 0 1 1]
609: [1 1 0 1 0 1 1 1 1 0 1 1 1 0 1 0]
610: [0 1 0 1 1 1 0 1 1 0 1 1 1 0 1 0]
611: [1 1 0 1 0 1 0 1 1 0 1 1 1 0 1 1]
612: [0 1 0 1 1 1 0 1 1 0 1 1 1 0 1 1]
613: [0 1 1 0 0 1 0 0 1 0 1 1 1 1 1 1]
614: [1 1 1 0 0 1 0 1 1 0 0 1 1 0 1 1]
615: [0 1 1 0 0 1 1 0 1 0 0 1 1 1 1 1]
616: [0 1 1 0 1 1 0 1 1 0 0 1 1 0 1 1]
617: [0 1 1 1 0 1 0 0 1 0 0 1 1 1 1 1]
618: [0 1 1 0 1 1 0 0 1 0 1 1 1 0 1 1]
619: [1 1 1 0 0 1 1 0 1 0 0 1 1 0 1 1]
620: [0 1 1 1 0 1 1 0 1 0 0 1 1 1 1 1]
621: [1 1 1 1 0 1 1 0 1 0 0 1 1 0 1 1]
622: [1 1 1 0 0 1 0 0 1 0 1 1 1 1 1 1]
623: [1 1 1 0 0 1 1 0 1 0 0 1 1 1 1 1]
624: [1 1 1 1 0 1 0 0 1 0 0 1 1 1 1 1]
625: [0 1 1 1 1 1 0 0 1 0 0 1 1 0 1 1]
626: [1 1 1 1 0 1 0 1 1 0 0 1 1 0 1 1]
627: [0 1 1 1 1 1 0 1 1 0 0 1 1 0 1 1]
628: [1 1 0 0 0 1 1 1 1 0 1 1 1 0 0 1]
629: [0 1 0 0 1 1 1 1 1 0 1 1 1 0 0 1]
630: [0 1 1 0 1 1 1 0 1 0 1 1 1 0 0 1]
631: [1 1 0 0 0 1 1 0 1 0 1 1 1 0 1 1]
632: [1 1 1 0 0 1 1 1 1 0 1 1 1 0 0 1]
633: [0 1 1 0 1 1 1 1 1 0 1 1 1 0 0 1]
634: [1 1 0 1 0 1 1 0 1 0 1 1 1 0 1 1]
635: [0 1 0 1 1 1 1 0 1 0 1 1 1 0 0 1]
636: [1 1 0 1 0 1 1 1 1 0 1 1 1 0 0 1]
637: [0 1 0 1 1 1 1 1 1 0 1 1 1 0 0 1]
638: [0 1 1 1 0 1 0 0 1 0 1 0 1 1 1 1]
639: [1 1 0 1 0 1 0 1 1 0 1 0 1 0 1 1]
640: [0 1 0 1 1 1 0 1 1 0 1 0 1 0 1 1]
641: [0 1 0 1 0 1 0 0 1 0 1 1 1 1 1 1]
642: [0 1 1 1 1 1 0 0 1 0 1 0 1 0 1 1]
643: [1 1 0 1 0 1 1 0 1 0 1 0 1 0 1 1]
644: [1 1 1 1 0 1 0 1 1 0 1 0 1 0 1 1]
645: [0 1 1 1 1 1 0 1 1 0 1 0 1 0 1 1]
646: [1 1 1 1 0 1 0 0 1 0 1 0 1 1 1 1]
647: [1 1 0 1 0 1 0 0 1 0 1 1 1 1 1 1]
648: [0 1 0 1 1 1 0 0 1 0 1 1 1 0 1 1]
