RK4[20, 21, 22, 23, 28, 29, 30, 31, 52, 53, 54, 55, 60, 61, 62, 63]:
0: [0 0 0 0 1 1 1 1 1 1 1 1 0 1 1 0]
1: [0 0 1 0 1 1 1 1 1 1 0 1 0 1 1 0]
2: [1 0 0 0 0 1 1 1 0 1 1 1 1 1 1 0]
3: [0 0 0 0 1 1 0 1 1 1 1 1 0 1 0 0]
4: [0 0 0 0 0 1 1 1 1 1 1 1 1 1 1 0]
5: [0 0 0 1 1 1 1 1 1 1 1 0 0 1 1 0]
6: [0 0 1 0 0 1 1 1 1 1 0 1 1 1 1 0]
7: [1 0 0 0 0 1 0 1 0 1 1 1 1 1 0 0]
8: [0 1 0 0 0 1 1 1 1 0 1 1 1 1 1 0]
9: [1 0 1 0 0 1 1 1 0 1 0 1 1 1 1 0]
10: [0 0 0 1 1 1 0 1 1 1 1 0 0 1 0 0]
11: [1 0 0 1 0 1 0 1 0 1 1 0 1 1 0 0]
12: [0 1 1 0 0 1 1 1 1 0 0 1 1 1 1 0]
13: [1 0 0 0 1 1 1 1 0 1 1 1 0 1 1 0]
14: [1 0 1 0 1 1 1 1 0 1 0 1 0 1 1 0]
15: [1 0 0 0 1 1 0 1 0 1 1 1 0 1 0 0]
16: [1 0 0 1 1 1 1 1 0 1 1 0 0 1 1 0]
17: [0 0 0 1 0 1 1 1 1 1 1 0 1 1 1 0]
18: [0 1 0 0 0 1 0 1 1 0 1 1 1 1 0 0]
19: [1 0 0 1 0 1 1 1 0 1 1 0 1 1 1 0]
20: [0 1 0 1 0 1 1 1 1 0 1 0 1 1 1 0]
21: [0 1 0 1 0 1 0 1 1 0 1 0 1 1 0 0]
22: [0 1 0 0 1 1 1 1 1 0 1 1 0 1 1 0]
23: [0 1 1 0 1 1 1 1 1 0 0 1 0 1 1 0]
24: [0 1 0 0 1 1 0 1 1 0 1 1 0 1 0 0]
25: [0 1 0 1 1 1 1 1 1 0 1 0 0 1 1 0]
26: [0 0 1 0 1 1 1 1 1 1 1 1 0 1 1 1]
27: [0 0 1 0 1 1 1 0 1 1 1 1 0 1 1 0]
28: [1 0 1 0 0 1 1 1 0 1 1 1 1 1 1 1]
29: [0 0 1 0 1 1 0 0 1 1 1 1 0 1 0 0]
30: [0 0 1 0 0 1 1 1 1 1 1 1 1 1 1 1]
31: [0 0 1 1 1 1 1 0 1 1 1 0 0 1 1 0]
32: [0 0 1 0 0 1 1 0 1 1 1 1 1 1 1 0]
33: [1 0 1 0 0 1 0 0 0 1 1 1 1 1 0 0]
34: [0 1 1 0 0 1 1 1 1 0 1 1 1 1 1 1]
35: [0 0 1 1 1 1 0 0 1 1 1 0 0 1 0 0]
36: [1 0 1 1 0 1 0 0 0 1 1 0 1 1 0 0]
37: [1 0 1 0 1 1 1 1 0 1 1 1 0 1 1 1]
38: [1 0 1 0 1 1 1 0 0 1 1 1 0 1 1 0]
39: [1 0 1 0 1 1 0 0 0 1 1 1 0 1 0 0]
40: [1 0 1 1 1 1 1 0 0 1 1 0 0 1 1 0]
41: [0 1 1 0 0 1 1 0 1 0 1 1 1 1 1 0]
42: [0 0 1 1 0 1 1 0 1 1 1 0 1 1 1 0]
43: [0 1 1 0 0 1 0 0 1 0 1 1 1 1 0 0]
44: [0 0 1 1 1 1 1 1 1 1 1 0 0 1 1 1]
45: [1 0 1 1 0 1 1 1 0 1 1 0 1 1 1 1]
46: [0 0 1 1 0 1 1 1 1 1 1 0 1 1 1 1]
47: [0 1 1 1 0 1 1 1 1 0 1 0 1 1 1 1]
48: [0 1 1 1 0 1 0 0 1 0 1 0 1 1 0 0]
49: [0 1 1 1 0 1 1 0 1 0 1 0 1 1 1 0]
50: [0 1 1 0 1 1 1 1 1 0 1 1 0 1 1 1]
51: [0 1 1 0 1 1 1 0 1 0 1 1 0 1 1 0]
52: [0 1 1 0 1 1 0 0 1 0 1 1 0 1 0 0]
53: [0 1 1 1 1 1 1 0 1 0 1 0 0 1 1 0]
54: [1 0 0 0 1 0 1 1 1 1 1 1 0 1 1 0]
55: [1 0 1 0 1 0 1 1 1 1 0 1 0 1 1 0]
56: [1 0 0 0 0 0 1 1 1 1 1 1 1 1 1 0]
57: [1 0 0 0 1 0 0 1 1 1 1 1 0 1 0 0]
58: [1 0 0 0 0 1 1 1 1 1 1 1 1 0 1 0]
59: [1 0 0 1 1 0 1 1 1 1 1 0 0 1 1 0]
60: [1 0 1 0 0 1 1 1 1 1 0 1 1 0 1 0]
61: [1 0 0 0 0 0 0 1 1 1 1 1 1 1 0 0]
62: [1 1 0 0 0 0 1 1 1 0 1 1 1 1 1 0]
63: [1 0 1 0 0 0 1 1 1 1 0 1 1 1 1 0]
64: [1 0 0 1 1 0 0 1 1 1 1 0 0 1 0 0]
65: [1 0 0 1 0 0 0 1 1 1 1 0 1 1 0 0]
66: [1 1 1 0 0 0 1 1 1 0 0 1 1 1 1 0]
67: [1 1 0 0 0 1 1 1 1 0 1 1 1 0 1 0]
68: [1 1 1 0 0 1 1 1 1 0 0 1 1 0 1 0]
69: [1 0 0 1 0 1 1 1 1 1 1 0 1 0 1 0]
70: [1 1 0 0 0 0 0 1 1 0 1 1 1 1 0 0]
71: [1 0 0 1 0 0 1 1 1 1 1 0 1 1 1 0]
72: [1 1 0 1 0 0 1 1 1 0 1 0 1 1 1 0]
73: [1 1 0 1 0 0 0 1 1 0 1 0 1 1 0 0]
74: [1 1 0 1 0 1 1 1 1 0 1 0 1 0 1 0]
75: [1 1 0 0 1 0 1 1 1 0 1 1 0 1 1 0]
76: [1 1 1 0 1 0 1 1 1 0 0 1 0 1 1 0]
77: [1 1 0 0 1 0 0 1 1 0 1 1 0 1 0 0]
78: [1 1 0 1 1 0 1 1 1 0 1 0 0 1 1 0]
79: [0 0 0 0 1 1 1 1 1 1 1 1 0 1 0 1]
80: [0 0 1 0 1 1 1 0 1 1 0 1 0 1 0 0]
81: [1 0 0 0 0 1 1 1 0 1 1 1 1 1 0 1]
82: [0 0 0 0 1 1 1 0 1 1 1 1 0 1 0 0]
83: [0 0 0 0 0 1 1 1 1 1 1 1 1 1 0 1]
84: [0 0 0 1 1 1 1 0 1 1 1 0 0 1 0 0]
85: [0 0 1 0 0 1 1 0 1 1 0 1 1 1 0 0]
86: [1 0 0 0 0 1 1 0 0 1 1 1 1 1 0 0]
87: [0 1 0 0 0 1 1 1 1 0 1 1 1 1 0 1]
88: [0 0 1 0 1 1 1 1 1 1 0 1 0 1 0 1]
89: [1 0 1 0 0 1 1 1 0 1 0 1 1 1 0 1]
90: [0 0 1 0 0 1 1 1 1 1 0 1 1 1 0 1]
91: [1 0 0 1 0 1 1 0 0 1 1 0 1 1 0 0]
92: [0 1 1 0 0 1 1 1 1 0 0 1 1 1 0 1]
93: [1 0 0 0 1 1 1 1 0 1 1 1 0 1 0 1]
94: [1 0 1 0 1 1 1 0 0 1 0 1 0 1 0 0]
95: [1 0 0 0 1 1 1 0 0 1 1 1 0 1 0 0]
96: [1 0 0 1 1 1 1 0 0 1 1 0 0 1 0 0]
97: [0 1 1 0 0 1 1 0 1 0 0 1 1 1 0 0]
98: [0 0 0 1 0 1 1 0 1 1 1 0 1 1 0 0]
99: [0 1 0 0 0 1 1 0 1 0 1 1 1 1 0 0]
100: [0 0 0 1 1 1 1 1 1 1 1 0 0 1 0 1]
101: [1 0 0 1 0 1 1 1 0 1 1 0 1 1 0 1]
102: [0 0 0 1 0 1 1 1 1 1 1 0 1 1 0 1]
103: [0 1 0 1 0 1 1 1 1 0 1 0 1 1 0 1]
104: [0 1 0 1 0 1 1 0 1 0 1 0 1 1 0 0]
105: [0 1 0 0 1 1 1 1 1 0 1 1 0 1 0 1]
106: [0 1 1 0 1 1 1 0 1 0 0 1 0 1 0 0]
107: [0 1 0 0 1 1 1 0 1 0 1 1 0 1 0 0]
108: [0 1 0 1 1 1 1 0 1 0 1 0 0 1 0 0]
109: [0 0 0 0 1 0 1 1 1 1 1 1 1 1 1 0]
110: [0 0 1 0 1 0 1 1 1 1 0 1 1 1 1 0]
111: [1 0 0 0 1 0 1 1 0 1 1 1 1 1 1 0]
112: [0 0 0 0 1 0 0 1 1 1 1 1 1 1 0 0]
113: [0 0 0 0 1 1 1 1 1 1 1 1 1 0 1 0]
114: [0 0 0 1 1 0 1 1 1 1 1 0 1 1 1 0]
115: [0 0 1 0 1 1 1 1 1 1 0 1 1 0 1 0]
116: [1 0 0 0 1 0 0 1 0 1 1 1 1 1 0 0]
117: [0 1 0 0 1 0 1 1 1 0 1 1 1 1 1 0]
118: [1 0 1 0 1 0 1 1 0 1 0 1 1 1 1 0]
119: [0 0 0 1 1 0 0 1 1 1 1 0 1 1 0 0]
120: [1 0 0 1 1 0 0 1 0 1 1 0 1 1 0 0]
121: [0 1 1 0 1 0 1 1 1 0 0 1 1 1 1 0]
122: [0 1 0 0 1 1 1 1 1 0 1 1 1 0 1 0]
123: [1 0 0 1 1 0 1 1 0 1 1 0 1 1 1 0]
124: [0 1 1 0 1 1 1 1 1 0 0 1 1 0 1 0]
125: [0 0 0 1 1 1 1 1 1 1 1 0 1 0 1 0]
126: [0 1 0 0 1 0 0 1 1 0 1 1 1 1 0 0]
127: [0 1 0 1 1 0 1 1 1 0 1 0 1 1 1 0]
128: [0 1 0 1 1 0 0 1 1 0 1 0 1 1 0 0]
129: [0 1 0 1 1 1 1 1 1 0 1 0 1 0 1 0]
130: [0 0 0 1 1 1 1 1 1 1 1 1 0 1 1 1]
131: [0 0 1 1 1 1 1 0 1 1 0 1 0 1 1 0]
132: [1 0 0 1 0 1 1 1 0 1 1 1 1 1 1 1]
133: [0 0 0 1 1 1 0 0 1 1 1 1 0 1 0 0]
134: [0 0 0 1 0 1 1 1 1 1 1 1 1 1 1 1]
135: [0 0 0 1 1 1 1 0 1 1 1 1 0 1 1 0]
136: [0 0 1 1 0 1 1 0 1 1 0 1 1 1 1 0]
137: [1 0 0 1 0 1 0 0 0 1 1 1 1 1 0 0]
138: [0 1 0 1 0 1 1 1 1 0 1 1 1 1 1 1]
139: [0 0 1 1 1 1 1 1 1 1 0 1 0 1 1 1]
140: [1 0 1 1 0 1 1 1 0 1 0 1 1 1 1 1]
141: [0 0 1 1 0 1 1 1 1 1 0 1 1 1 1 1]
142: [0 1 1 1 0 1 1 1 1 0 0 1 1 1 1 1]
143: [1 0 0 1 1 1 1 1 0 1 1 1 0 1 1 1]
144: [1 0 1 1 1 1 1 0 0 1 0 1 0 1 1 0]
145: [1 0 0 1 1 1 0 0 0 1 1 1 0 1 0 0]
146: [1 0 0 1 1 1 1 0 0 1 1 1 0 1 1 0]
147: [0 1 1 1 0 1 1 0 1 0 0 1 1 1 1 0]
148: [0 0 0 1 0 1 1 0 1 1 1 1 1 1 1 0]
149: [0 1 0 1 0 1 0 0 1 0 1 1 1 1 0 0]
150: [0 1 0 1 0 1 1 0 1 0 1 1 1 1 1 0]
151: [0 1 0 1 1 1 1 1 1 0 1 1 0 1 1 1]
152: [0 1 1 1 1 1 1 0 1 0 0 1 0 1 1 0]
153: [0 1 0 1 1 1 0 0 1 0 1 1 0 1 0 0]
154: [0 1 0 1 1 1 1 0 1 0 1 1 0 1 1 0]
155: [0 0 1 0 1 0 1 1 1 1 1 1 1 1 1 1]
156: [0 0 1 0 1 0 1 0 1 1 1 1 1 1 1 0]
157: [1 0 1 0 1 0 1 1 0 1 1 1 1 1 1 1]
158: [0 0 1 0 1 0 0 0 1 1 1 1 1 1 0 0]
159: [0 0 1 0 1 1 1 1 1 1 1 1 1 0 1 1]
160: [0 0 1 1 1 0 1 0 1 1 1 0 1 1 1 0]
161: [0 0 1 0 1 1 1 0 1 1 1 1 1 0 1 0]
162: [1 0 1 0 1 0 0 0 0 1 1 1 1 1 0 0]
163: [0 1 1 0 1 0 1 1 1 0 1 1 1 1 1 1]
164: [0 0 1 1 1 0 0 0 1 1 1 0 1 1 0 0]
165: [1 0 1 1 1 0 0 0 0 1 1 0 1 1 0 0]
166: [1 0 1 0 1 0 1 0 0 1 1 1 1 1 1 0]
167: [0 1 1 0 1 1 1 1 1 0 1 1 1 0 1 1]
168: [1 0 1 1 1 0 1 0 0 1 1 0 1 1 1 0]
169: [0 1 1 0 1 1 1 0 1 0 1 1 1 0 1 0]
170: [0 0 1 1 1 1 1 0 1 1 1 0 1 0 1 0]
171: [0 1 1 0 1 0 0 0 1 0 1 1 1 1 0 0]
172: [0 0 1 1 1 0 1 1 1 1 1 0 1 1 1 1]
173: [1 0 1 1 1 0 1 1 0 1 1 0 1 1 1 1]
174: [0 0 1 1 1 1 1 1 1 1 1 0 1 0 1 1]
175: [0 1 1 1 1 0 1 1 1 0 1 0 1 1 1 1]
176: [0 1 1 1 1 0 0 0 1 0 1 0 1 1 0 0]
177: [0 1 1 1 1 1 1 0 1 0 1 0 1 0 1 0]
178: [0 1 1 0 1 0 1 0 1 0 1 1 1 1 1 0]
179: [0 1 1 1 1 0 1 0 1 0 1 0 1 1 1 0]
180: [1 0 0 0 1 0 1 1 1 1 1 1 0 1 0 1]
181: [1 0 1 0 1 0 1 0 1 1 0 1 0 1 0 0]
182: [1 0 0 0 0 0 1 1 1 1 1 1 1 1 0 1]
183: [1 0 0 0 1 0 1 0 1 1 1 1 0 1 0 0]
184: [1 0 0 0 0 1 1 1 1 1 1 1 1 0 0 1]
185: [1 0 0 1 1 0 1 0 1 1 1 0 0 1 0 0]
186: [1 0 1 0 0 1 1 0 1 1 0 1 1 0 0 0]
187: [1 0 0 0 0 0 1 0 1 1 1 1 1 1 0 0]
188: [1 1 0 0 0 0 1 1 1 0 1 1 1 1 0 1]
189: [1 0 1 0 1 0 1 1 1 1 0 1 0 1 0 1]
190: [1 0 1 0 0 0 1 1 1 1 0 1 1 1 0 1]
191: [1 0 1 0 0 1 1 1 1 1 0 1 1 0 0 1]
192: [1 0 0 1 0 0 1 0 1 1 1 0 1 1 0 0]
193: [1 1 1 0 0 0 1 1 1 0 0 1 1 1 0 1]
194: [1 1 0 0 0 1 1 1 1 0 1 1 1 0 0 1]
195: [1 1 1 0 0 1 1 0 1 0 0 1 1 0 0 0]
196: [1 0 0 1 0 1 1 0 1 1 1 0 1 0 0 0]
197: [1 1 0 0 0 0 1 0 1 0 1 1 1 1 0 0]
198: [1 0 0 1 1 0 1 1 1 1 1 0 0 1 0 1]
199: [1 0 0 1 0 0 1 1 1 1 1 0 1 1 0 1]
200: [1 0 0 1 0 1 1 1 1 1 1 0 1 0 0 1]
201: [1 1 0 1 0 0 1 1 1 0 1 0 1 1 0 1]
202: [1 1 0 1 0 0 1 0 1 0 1 0 1 1 0 0]
203: [1 1 0 1 0 1 1 0 1 0 1 0 1 0 0 0]
204: [1 1 0 0 1 0 1 1 1 0 1 1 0 1 0 1]
205: [1 1 1 0 1 0 1 0 1 0 0 1 0 1 0 0]
206: [1 1 0 0 1 0 1 0 1 0 1 1 0 1 0 0]
207: [1 1 0 1 1 0 1 0 1 0 1 0 0 1 0 0]
208: [0 1 0 0 1 0 1 1 1 1 1 1 0 1 1 0]
209: [0 1 1 0 1 0 1 1 1 1 0 1 0 1 1 0]
210: [1 1 0 0 0 0 1 1 0 1 1 1 1 1 1 0]
211: [0 1 0 0 1 0 0 1 1 1 1 1 0 1 0 0]
212: [0 1 0 0 0 1 1 1 1 1 1 1 1 0 1 0]
213: [0 1 0 1 1 0 1 1 1 1 1 0 0 1 1 0]
214: [0 1 1 0 0 1 1 1 1 1 0 1 1 0 1 0]
215: [1 1 0 0 0 0 0 1 0 1 1 1 1 1 0 0]
216: [0 1 0 0 0 0 1 1 1 1 1 1 1 1 1 0]
217: [1 1 1 0 0 0 1 1 0 1 0 1 1 1 1 0]
218: [0 1 0 1 1 0 0 1 1 1 1 0 0 1 0 0]
219: [1 1 0 1 0 0 0 1 0 1 1 0 1 1 0 0]
220: [0 1 1 0 0 0 1 1 1 1 0 1 1 1 1 0]
221: [1 1 0 0 1 0 1 1 0 1 1 1 0 1 1 0]
222: [1 1 1 0 1 0 1 1 0 1 0 1 0 1 1 0]
223: [1 1 0 0 1 0 0 1 0 1 1 1 0 1 0 0]
224: [1 1 0 1 1 0 1 1 0 1 1 0 0 1 1 0]
225: [0 1 0 1 0 1 1 1 1 1 1 0 1 0 1 0]
226: [0 1 0 0 0 0 0 1 1 1 1 1 1 1 0 0]
227: [1 1 0 1 0 0 1 1 0 1 1 0 1 1 1 0]
228: [0 1 0 1 0 0 1 1 1 1 1 0 1 1 1 0]
229: [0 1 0 1 0 0 0 1 1 1 1 0 1 1 0 0]
230: [0 0 1 0 1 1 1 1 1 1 1 1 0 1 1 0]
231: [1 0 1 0 0 1 1 1 0 1 1 1 1 1 1 0]
232: [0 0 1 0 1 1 0 1 1 1 1 1 0 1 0 0]
233: [0 0 1 0 0 1 1 1 1 1 1 1 1 1 1 0]
234: [0 0 1 1 1 1 1 1 1 1 1 0 0 1 1 0]
235: [1 0 1 0 0 1 0 1 0 1 1 1 1 1 0 0]
236: [0 1 1 0 0 1 1 1 1 0 1 1 1 1 1 0]
237: [0 0 1 1 1 1 0 1 1 1 1 0 0 1 0 0]
238: [1 0 1 1 0 1 0 1 0 1 1 0 1 1 0 0]
239: [1 0 1 0 1 1 1 1 0 1 1 1 0 1 1 0]
240: [1 0 1 0 1 1 0 1 0 1 1 1 0 1 0 0]
241: [1 0 1 1 1 1 1 1 0 1 1 0 0 1 1 0]
242: [0 0 1 1 0 1 1 1 1 1 1 0 1 1 1 0]
243: [0 1 1 0 0 1 0 1 1 0 1 1 1 1 0 0]
244: [1 0 1 1 0 1 1 1 0 1 1 0 1 1 1 0]
245: [0 1 1 1 0 1 1 1 1 0 1 0 1 1 1 0]
246: [0 1 1 1 0 1 0 1 1 0 1 0 1 1 0 0]
247: [0 1 1 0 1 1 1 1 1 0 1 1 0 1 1 0]
248: [0 1 1 0 1 1 0 1 1 0 1 1 0 1 0 0]
249: [0 1 1 1 1 1 1 1 1 0 1 0 0 1 1 0]
250: [1 0 1 0 1 0 1 1 1 1 1 1 0 1 1 0]
251: [1 0 1 0 0 0 1 1 1 1 1 1 1 1 1 0]
252: [1 0 1 0 1 0 0 1 1 1 1 1 0 1 0 0]
253: [1 0 1 0 0 1 1 1 1 1 1 1 1 0 1 0]
254: [1 0 1 1 1 0 1 1 1 1 1 0 0 1 1 0]
255: [1 0 1 0 0 0 0 1 1 1 1 1 1 1 0 0]
256: [1 1 1 0 0 0 1 1 1 0 1 1 1 1 1 0]
257: [1 0 1 1 1 0 0 1 1 1 1 0 0 1 0 0]
258: [1 0 1 1 0 0 0 1 1 1 1 0 1 1 0 0]
259: [1 1 1 0 0 1 1 1 1 0 1 1 1 0 1 0]
260: [1 0 1 1 0 1 1 1 1 1 1 0 1 0 1 0]
261: [1 1 1 0 0 0 0 1 1 0 1 1 1 1 0 0]
262: [1 0 1 1 0 0 1 1 1 1 1 0 1 1 1 0]
263: [1 1 1 1 0 0 1 1 1 0 1 0 1 1 1 0]
264: [1 1 1 1 0 0 0 1 1 0 1 0 1 1 0 0]
265: [1 1 1 1 0 1 1 1 1 0 1 0 1 0 1 0]
266: [1 1 1 0 1 0 1 1 1 0 1 1 0 1 1 0]
267: [1 1 1 0 1 0 0 1 1 0 1 1 0 1 0 0]
268: [1 1 1 1 1 0 1 1 1 0 1 0 0 1 1 0]
269: [0 0 0 1 1 1 1 1 1 1 1 1 0 1 0 1]
270: [0 0 1 1 1 1 1 0 1 1 0 1 0 1 0 0]
271: [1 0 0 1 0 1 1 1 0 1 1 1 1 1 0 1]
272: [0 0 0 1 1 1 1 0 1 1 1 1 0 1 0 0]
273: [0 0 0 1 0 1 1 1 1 1 1 1 1 1 0 1]
274: [0 0 1 1 0 1 1 0 1 1 0 1 1 1 0 0]
275: [1 0 0 1 0 1 1 0 0 1 1 1 1 1 0 0]
276: [0 1 0 1 0 1 1 1 1 0 1 1 1 1 0 1]
277: [0 0 1 1 1 1 1 1 1 1 0 1 0 1 0 1]
278: [1 0 1 1 0 1 1 1 0 1 0 1 1 1 0 1]
279: [0 0 1 1 0 1 1 1 1 1 0 1 1 1 0 1]
280: [0 1 1 1 0 1 1 1 1 0 0 1 1 1 0 1]
281: [1 0 0 1 1 1 1 1 0 1 1 1 0 1 0 1]
282: [1 0 1 1 1 1 1 0 0 1 0 1 0 1 0 0]
283: [1 0 0 1 1 1 1 0 0 1 1 1 0 1 0 0]
284: [0 1 1 1 0 1 1 0 1 0 0 1 1 1 0 0]
285: [0 0 0 1 0 1 1 0 1 1 1 1 1 1 0 0]
286: [0 1 0 1 0 1 1 0 1 0 1 1 1 1 0 0]
287: [0 1 0 1 1 1 1 1 1 0 1 1 0 1 0 1]
288: [0 1 1 1 1 1 1 0 1 0 0 1 0 1 0 0]
289: [0 1 0 1 1 1 1 0 1 0 1 1 0 1 0 0]
290: [0 0 1 0 1 0 1 1 1 1 1 1 1 1 1 0]
291: [1 0 1 0 1 0 1 1 0 1 1 1 1 1 1 0]
292: [0 0 1 0 1 0 0 1 1 1 1 1 1 1 0 0]
293: [0 0 1 0 1 1 1 1 1 1 1 1 1 0 1 0]
294: [0 0 1 1 1 0 1 1 1 1 1 0 1 1 1 0]
295: [1 0 1 0 1 0 0 1 0 1 1 1 1 1 0 0]
296: [0 1 1 0 1 0 1 1 1 0 1 1 1 1 1 0]
297: [0 0 1 1 1 0 0 1 1 1 1 0 1 1 0 0]
298: [1 0 1 1 1 0 0 1 0 1 1 0 1 1 0 0]
299: [0 1 1 0 1 1 1 1 1 0 1 1 1 0 1 0]
300: [1 0 1 1 1 0 1 1 0 1 1 0 1 1 1 0]
301: [0 0 1 1 1 1 1 1 1 1 1 0 1 0 1 0]
302: [0 1 1 0 1 0 0 1 1 0 1 1 1 1 0 0]
303: [0 1 1 1 1 0 1 1 1 0 1 0 1 1 1 0]
304: [0 1 1 1 1 0 0 1 1 0 1 0 1 1 0 0]
305: [0 1 1 1 1 1 1 1 1 0 1 0 1 0 1 0]
306: [1 0 0 1 1 0 1 1 1 1 1 1 0 1 0 1]
307: [1 0 1 1 1 0 1 0 1 1 0 1 0 1 0 0]
308: [1 0 0 1 0 0 1 1 1 1 1 1 1 1 0 1]
309: [1 0 0 1 1 0 1 0 1 1 1 1 0 1 0 0]
310: [1 0 0 1 0 1 1 1 1 1 1 1 1 0 0 1]
311: [1 0 1 1 0 1 1 0 1 1 0 1 1 0 0 0]
312: [1 0 0 1 0 0 1 0 1 1 1 1 1 1 0 0]
313: [1 1 0 1 0 0 1 1 1 0 1 1 1 1 0 1]
314: [1 0 1 1 1 0 1 1 1 1 0 1 0 1 0 1]
315: [1 0 1 1 0 0 1 1 1 1 0 1 1 1 0 1]
316: [1 0 1 1 0 1 1 1 1 1 0 1 1 0 0 1]
317: [1 1 1 1 0 0 1 1 1 0 0 1 1 1 0 1]
318: [1 1 0 1 0 1 1 1 1 0 1 1 1 0 0 1]
319: [1 1 1 1 0 1 1 0 1 0 0 1 1 0 0 0]
320: [1 0 0 1 0 1 1 0 1 1 1 1 1 0 0 0]
321: [1 1 0 1 0 0 1 0 1 0 1 1 1 1 0 0]
322: [1 1 0 1 0 1 1 0 1 0 1 1 1 0 0 0]
323: [1 1 0 1 1 0 1 1 1 0 1 1 0 1 0 1]
324: [1 1 1 1 1 0 1 0 1 0 0 1 0 1 0 0]
325: [1 1 0 1 1 0 1 0 1 0 1 1 0 1 0 0]
326: [0 1 1 0 1 0 1 1 1 1 1 1 0 1 1 0]
327: [1 1 1 0 0 0 1 1 0 1 1 1 1 1 1 0]
328: [0 1 1 0 1 0 0 1 1 1 1 1 0 1 0 0]
329: [0 1 1 0 0 1 1 1 1 1 1 1 1 0 1 0]
330: [0 1 1 1 1 0 1 1 1 1 1 0 0 1 1 0]
331: [1 1 1 0 0 0 0 1 0 1 1 1 1 1 0 0]
332: [0 1 1 0 0 0 1 1 1 1 1 1 1 1 1 0]
333: [0 1 1 1 1 0 0 1 1 1 1 0 0 1 0 0]
334: [1 1 1 1 0 0 0 1 0 1 1 0 1 1 0 0]
335: [1 1 1 0 1 0 1 1 0 1 1 1 0 1 1 0]
336: [1 1 1 0 1 0 0 1 0 1 1 1 0 1 0 0]
337: [1 1 1 1 1 0 1 1 0 1 1 0 0 1 1 0]
338: [0 1 1 1 0 1 1 1 1 1 1 0 1 0 1 0]
339: [0 1 1 0 0 0 0 1 1 1 1 1 1 1 0 0]
340: [1 1 1 1 0 0 1 1 0 1 1 0 1 1 1 0]
341: [0 1 1 1 0 0 1 1 1 1 1 0 1 1 1 0]
342: [0 1 1 1 0 0 0 1 1 1 1 0 1 1 0 0]
343: [1 0 0 0 1 1 1 1 1 1 1 1 0 1 1 0]
344: [1 0 1 0 1 1 1 1 1 1 0 1 0 1 1 0]
345: [1 0 0 0 0 1 1 1 1 1 1 1 1 1 1 0]
346: [1 0 0 0 1 1 0 1 1 1 1 1 0 1 0 0]
347: [1 0 0 1 1 1 1 1 1 1 1 0 0 1 1 0]
348: [1 0 1 0 0 1 1 1 1 1 0 1 1 1 1 0]
349: [1 0 0 0 0 1 0 1 1 1 1 1 1 1 0 0]
350: [1 1 0 0 0 1 1 1 1 0 1 1 1 1 1 0]
351: [1 0 0 1 1 1 0 1 1 1 1 0 0 1 0 0]
352: [1 0 0 1 0 1 0 1 1 1 1 0 1 1 0 0]
353: [1 1 1 0 0 1 1 1 1 0 0 1 1 1 1 0]
354: [1 0 0 1 0 1 1 1 1 1 1 0 1 1 1 0]
355: [1 1 0 0 0 1 0 1 1 0 1 1 1 1 0 0]
356: [1 1 0 1 0 1 1 1 1 0 1 0 1 1 1 0]
357: [1 1 0 1 0 1 0 1 1 0 1 0 1 1 0 0]
358: [1 1 0 0 1 1 1 1 1 0 1 1 0 1 1 0]
359: [1 1 1 0 1 1 1 1 1 0 0 1 0 1 1 0]
360: [1 1 0 0 1 1 0 1 1 0 1 1 0 1 0 0]
361: [1 1 0 1 1 1 1 1 1 0 1 0 0 1 1 0]
362: [1 0 1 0 1 1 1 1 1 1 1 1 0 1 1 1]
363: [1 0 1 0 1 1 1 0 1 1 1 1 0 1 1 0]
364: [1 0 1 0 0 1 1 1 1 1 1 1 1 1 1 1]
365: [1 0 1 0 1 1 0 0 1 1 1 1 0 1 0 0]
366: [1 0 1 1 1 1 1 0 1 1 1 0 0 1 1 0]
367: [1 0 1 0 0 1 1 0 1 1 1 1 1 1 1 0]
368: [1 0 1 0 0 1 0 0 1 1 1 1 1 1 0 0]
369: [1 1 1 0 0 1 1 1 1 0 1 1 1 1 1 1]
370: [1 0 1 1 1 1 0 0 1 1 1 0 0 1 0 0]
371: [1 0 1 1 0 1 0 0 1 1 1 0 1 1 0 0]
372: [1 1 1 0 0 1 1 0 1 0 1 1 1 1 1 0]
373: [1 0 1 1 0 1 1 0 1 1 1 0 1 1 1 0]
374: [1 1 1 0 0 1 0 0 1 0 1 1 1 1 0 0]
375: [1 0 1 1 1 1 1 1 1 1 1 0 0 1 1 1]
376: [1 0 1 1 0 1 1 1 1 1 1 0 1 1 1 1]
377: [1 1 1 1 0 1 1 1 1 0 1 0 1 1 1 1]
378: [1 1 1 1 0 1 0 0 1 0 1 0 1 1 0 0]
379: [1 1 1 1 0 1 1 0 1 0 1 0 1 1 1 0]
380: [1 1 1 0 1 1 1 1 1 0 1 1 0 1 1 1]
381: [1 1 1 0 1 1 1 0 1 0 1 1 0 1 1 0]
382: [1 1 1 0 1 1 0 0 1 0 1 1 0 1 0 0]
383: [1 1 1 1 1 1 1 0 1 0 1 0 0 1 1 0]
384: [1 0 0 0 1 1 1 1 1 1 1 1 0 1 0 1]
385: [1 0 1 0 1 1 1 0 1 1 0 1 0 1 0 0]
386: [1 0 0 0 0 1 1 1 1 1 1 1 1 1 0 1]
387: [1 0 0 0 1 1 1 0 1 1 1 1 0 1 0 0]
388: [1 0 0 1 1 1 1 0 1 1 1 0 0 1 0 0]
389: [1 0 1 0 0 1 1 0 1 1 0 1 1 1 0 0]
390: [1 0 0 0 0 1 1 0 1 1 1 1 1 1 0 0]
391: [1 1 0 0 0 1 1 1 1 0 1 1 1 1 0 1]
392: [1 0 1 0 1 1 1 1 1 1 0 1 0 1 0 1]
393: [1 0 1 0 0 1 1 1 1 1 0 1 1 1 0 1]
394: [1 0 0 1 0 1 1 0 1 1 1 0 1 1 0 0]
395: [1 1 1 0 0 1 1 1 1 0 0 1 1 1 0 1]
396: [1 1 1 0 0 1 1 0 1 0 0 1 1 1 0 0]
397: [1 1 0 0 0 1 1 0 1 0 1 1 1 1 0 0]
398: [1 0 0 1 1 1 1 1 1 1 1 0 0 1 0 1]
399: [1 0 0 1 0 1 1 1 1 1 1 0 1 1 0 1]
400: [1 1 0 1 0 1 1 1 1 0 1 0 1 1 0 1]
401: [1 1 0 1 0 1 1 0 1 0 1 0 1 1 0 0]
402: [1 1 0 0 1 1 1 1 1 0 1 1 0 1 0 1]
403: [1 1 1 0 1 1 1 0 1 0 0 1 0 1 0 0]
404: [1 1 0 0 1 1 1 0 1 0 1 1 0 1 0 0]
405: [1 1 0 1 1 1 1 0 1 0 1 0 0 1 0 0]
406: [0 1 0 0 1 0 1 1 1 1 1 1 1 1 1 0]
407: [0 1 1 0 1 0 1 1 1 1 0 1 1 1 1 0]
408: [1 1 0 0 1 0 1 1 0 1 1 1 1 1 1 0]
409: [0 1 0 0 1 0 0 1 1 1 1 1 1 1 0 0]
410: [0 1 0 0 1 1 1 1 1 1 1 1 1 0 1 0]
411: [0 1 0 1 1 0 1 1 1 1 1 0 1 1 1 0]
412: [0 1 1 0 1 1 1 1 1 1 0 1 1 0 1 0]
413: [1 1 0 0 1 0 0 1 0 1 1 1 1 1 0 0]
414: [1 1 1 0 1 0 1 1 0 1 0 1 1 1 1 0]
415: [0 1 0 1 1 0 0 1 1 1 1 0 1 1 0 0]
416: [1 1 0 1 1 0 0 1 0 1 1 0 1 1 0 0]
417: [1 1 0 1 1 0 1 1 0 1 1 0 1 1 1 0]
418: [0 1 0 1 1 1 1 1 1 1 1 0 1 0 1 0]
419: [1 0 0 1 1 1 1 1 1 1 1 1 0 1 1 1]
420: [1 0 1 1 1 1 1 0 1 1 0 1 0 1 1 0]
421: [1 0 0 1 0 1 1 1 1 1 1 1 1 1 1 1]
422: [1 0 0 1 1 1 0 0 1 1 1 1 0 1 0 0]
423: [1 0 0 1 1 1 1 0 1 1 1 1 0 1 1 0]
424: [1 0 1 1 0 1 1 0 1 1 0 1 1 1 1 0]
425: [1 0 0 1 0 1 0 0 1 1 1 1 1 1 0 0]
426: [1 1 0 1 0 1 1 1 1 0 1 1 1 1 1 1]
427: [1 0 1 1 1 1 1 1 1 1 0 1 0 1 1 1]
428: [1 0 1 1 0 1 1 1 1 1 0 1 1 1 1 1]
429: [1 1 1 1 0 1 1 1 1 0 0 1 1 1 1 1]
430: [1 1 1 1 0 1 1 0 1 0 0 1 1 1 1 0]
431: [1 0 0 1 0 1 1 0 1 1 1 1 1 1 1 0]
432: [1 1 0 1 0 1 0 0 1 0 1 1 1 1 0 0]
433: [1 1 0 1 0 1 1 0 1 0 1 1 1 1 1 0]
434: [1 1 0 1 1 1 1 1 1 0 1 1 0 1 1 1]
435: [1 1 1 1 1 1 1 0 1 0 0 1 0 1 1 0]
436: [1 1 0 1 1 1 0 0 1 0 1 1 0 1 0 0]
437: [1 1 0 1 1 1 1 0 1 0 1 1 0 1 1 0]
438: [0 1 1 0 1 0 1 1 1 1 1 1 1 1 1 1]
439: [0 1 1 0 1 0 1 0 1 1 1 1 1 1 1 0]
440: [1 1 1 0 1 0 1 1 0 1 1 1 1 1 1 1]
441: [0 1 1 0 1 0 0 0 1 1 1 1 1 1 0 0]
442: [0 1 1 0 1 1 1 1 1 1 1 1 1 0 1 1]
443: [0 1 1 1 1 0 1 0 1 1 1 0 1 1 1 0]
444: [0 1 1 0 1 1 1 0 1 1 1 1 1 0 1 0]
445: [1 1 1 0 1 0 0 0 0 1 1 1 1 1 0 0]
446: [0 1 1 1 1 0 0 0 1 1 1 0 1 1 0 0]
447: [1 1 1 1 1 0 0 0 0 1 1 0 1 1 0 0]
448: [1 1 1 0 1 0 1 0 0 1 1 1 1 1 1 0]
449: [1 1 1 1 1 0 1 0 0 1 1 0 1 1 1 0]
450: [0 1 1 1 1 1 1 0 1 1 1 0 1 0 1 0]
451: [0 1 1 1 1 0 1 1 1 1 1 0 1 1 1 1]
452: [1 1 1 1 1 0 1 1 0 1 1 0 1 1 1 1]
453: [0 1 1 1 1 1 1 1 1 1 1 0 1 0 1 1]
454: [0 0 0 1 1 0 1 1 1 1 1 1 1 1 1 1]
455: [0 0 1 1 1 0 1 0 1 1 0 1 1 1 1 0]
456: [1 0 0 1 1 0 1 1 0 1 1 1 1 1 1 1]
457: [0 0 0 1 1 0 0 0 1 1 1 1 1 1 0 0]
458: [0 0 0 1 1 1 1 1 1 1 1 1 1 0 1 1]
459: [0 0 0 1 1 0 1 0 1 1 1 1 1 1 1 0]
460: [0 0 1 1 1 1 1 0 1 1 0 1 1 0 1 0]
461: [1 0 0 1 1 0 0 0 0 1 1 1 1 1 0 0]
462: [0 1 0 1 1 0 1 1 1 0 1 1 1 1 1 1]
463: [0 0 1 1 1 0 1 1 1 1 0 1 1 1 1 1]
464: [1 0 1 1 1 0 1 1 0 1 0 1 1 1 1 1]
465: [0 0 1 1 1 1 1 1 1 1 0 1 1 0 1 1]
466: [0 1 1 1 1 0 1 1 1 0 0 1 1 1 1 1]
467: [1 0 1 1 1 0 1 0 0 1 0 1 1 1 1 0]
468: [0 1 0 1 1 1 1 1 1 0 1 1 1 0 1 1]
469: [1 0 0 1 1 0 1 0 0 1 1 1 1 1 1 0]
470: [0 1 1 1 1 1 1 0 1 0 0 1 1 0 1 0]
471: [0 0 0 1 1 1 1 0 1 1 1 1 1 0 1 0]
472: [0 1 0 1 1 0 0 0 1 0 1 1 1 1 0 0]
473: [0 1 0 1 1 1 1 0 1 0 1 1 1 0 1 0]
474: [0 1 1 1 1 0 1 0 1 0 0 1 1 1 1 0]
475: [0 1 0 1 1 0 1 0 1 0 1 1 1 1 1 0]
476: [0 1 0 0 1 0 1 1 1 1 1 1 0 1 0 1]
477: [0 1 1 0 1 0 1 0 1 1 0 1 0 1 0 0]
478: [1 1 0 0 0 0 1 1 0 1 1 1 1 1 0 1]
479: [0 1 0 0 1 0 1 0 1 1 1 1 0 1 0 0]
480: [0 1 0 0 0 1 1 1 1 1 1 1 1 0 0 1]
481: [0 1 0 1 1 0 1 0 1 1 1 0 0 1 0 0]
482: [0 1 1 0 0 1 1 0 1 1 0 1 1 0 0 0]
483: [1 1 0 0 0 0 1 0 0 1 1 1 1 1 0 0]
484: [0 1 0 0 0 0 1 1 1 1 1 1 1 1 0 1]
485: [0 1 1 0 1 0 1 1 1 1 0 1 0 1 0 1]
486: [1 1 1 0 0 0 1 1 0 1 0 1 1 1 0 1]
487: [0 1 1 0 0 1 1 1 1 1 0 1 1 0 0 1]
488: [1 1 0 1 0 0 1 0 0 1 1 0 1 1 0 0]
489: [0 1 1 0 0 0 1 1 1 1 0 1 1 1 0 1]
490: [1 1 0 0 1 0 1 1 0 1 1 1 0 1 0 1]
491: [1 1 1 0 1 0 1 0 0 1 0 1 0 1 0 0]
492: [1 1 0 0 1 0 1 0 0 1 1 1 0 1 0 0]
493: [1 1 0 1 1 0 1 0 0 1 1 0 0 1 0 0]
494: [0 1 0 1 0 1 1 0 1 1 1 0 1 0 0 0]
495: [0 1 0 0 0 0 1 0 1 1 1 1 1 1 0 0]
496: [0 1 0 1 1 0 1 1 1 1 1 0 0 1 0 1]
497: [1 1 0 1 0 0 1 1 0 1 1 0 1 1 0 1]
498: [0 1 0 1 0 1 1 1 1 1 1 0 1 0 0 1]
499: [0 1 0 1 0 0 1 1 1 1 1 0 1 1 0 1]
500: [0 1 0 1 0 0 1 0 1 1 1 0 1 1 0 0]
501: [0 0 0 1 1 1 1 1 1 1 1 1 0 1 1 0]
502: [0 0 1 1 1 1 1 1 1 1 0 1 0 1 1 0]
503: [1 0 0 1 0 1 1 1 0 1 1 1 1 1 1 0]
504: [0 0 0 1 1 1 0 1 1 1 1 1 0 1 0 0]
505: [0 0 0 1 0 1 1 1 1 1 1 1 1 1 1 0]
506: [0 0 1 1 0 1 1 1 1 1 0 1 1 1 1 0]
507: [1 0 0 1 0 1 0 1 0 1 1 1 1 1 0 0]
508: [0 1 0 1 0 1 1 1 1 0 1 1 1 1 1 0]
509: [1 0 1 1 0 1 1 1 0 1 0 1 1 1 1 0]
510: [0 1 1 1 0 1 1 1 1 0 0 1 1 1 1 0]
511: [1 0 0 1 1 1 1 1 0 1 1 1 0 1 1 0]
512: [1 0 1 1 1 1 1 1 0 1 0 1 0 1 1 0]
513: [1 0 0 1 1 1 0 1 0 1 1 1 0 1 0 0]
514: [0 1 0 1 0 1 0 1 1 0 1 1 1 1 0 0]
515: [0 1 0 1 1 1 1 1 1 0 1 1 0 1 1 0]
516: [0 1 1 1 1 1 1 1 1 0 0 1 0 1 1 0]
517: [0 1 0 1 1 1 0 1 1 0 1 1 0 1 0 0]
518: [1 0 0 1 1 0 1 1 1 1 1 1 0 1 1 0]
519: [1 0 1 1 1 0 1 1 1 1 0 1 0 1 1 0]
520: [1 0 0 1 0 0 1 1 1 1 1 1 1 1 1 0]
521: [1 0 0 1 1 0 0 1 1 1 1 1 0 1 0 0]
522: [1 0 0 1 0 1 1 1 1 1 1 1 1 0 1 0]
523: [1 0 1 1 0 1 1 1 1 1 0 1 1 0 1 0]
524: [1 0 0 1 0 0 0 1 1 1 1 1 1 1 0 0]
525: [1 1 0 1 0 0 1 1 1 0 1 1 1 1 1 0]
526: [1 0 1 1 0 0 1 1 1 1 0 1 1 1 1 0]
527: [1 1 1 1 0 0 1 1 1 0 0 1 1 1 1 0]
528: [1 1 0 1 0 1 1 1 1 0 1 1 1 0 1 0]
529: [1 1 1 1 0 1 1 1 1 0 0 1 1 0 1 0]
530: [1 1 0 1 0 0 0 1 1 0 1 1 1 1 0 0]
531: [1 1 0 1 1 0 1 1 1 0 1 1 0 1 1 0]
532: [1 1 1 1 1 0 1 1 1 0 0 1 0 1 1 0]
533: [1 1 0 1 1 0 0 1 1 0 1 1 0 1 0 0]
534: [0 0 0 1 1 0 1 1 1 1 1 1 1 1 1 0]
535: [0 0 1 1 1 0 1 1 1 1 0 1 1 1 1 0]
536: [1 0 0 1 1 0 1 1 0 1 1 1 1 1 1 0]
537: [0 0 0 1 1 0 0 1 1 1 1 1 1 1 0 0]
538: [0 0 0 1 1 1 1 1 1 1 1 1 1 0 1 0]
539: [0 0 1 1 1 1 1 1 1 1 0 1 1 0 1 0]
540: [1 0 0 1 1 0 0 1 0 1 1 1 1 1 0 0]
541: [0 1 0 1 1 0 1 1 1 0 1 1 1 1 1 0]
542: [1 0 1 1 1 0 1 1 0 1 0 1 1 1 1 0]
543: [0 1 1 1 1 0 1 1 1 0 0 1 1 1 1 0]
544: [0 1 0 1 1 1 1 1 1 0 1 1 1 0 1 0]
545: [0 1 1 1 1 1 1 1 1 0 0 1 1 0 1 0]
546: [0 1 0 1 1 0 0 1 1 0 1 1 1 1 0 0]
547: [0 1 0 1 1 0 1 1 1 1 1 1 0 1 1 0]
548: [0 1 1 1 1 0 1 1 1 1 0 1 0 1 1 0]
549: [1 1 0 1 0 0 1 1 0 1 1 1 1 1 1 0]
550: [0 1 0 1 1 0 0 1 1 1 1 1 0 1 0 0]
551: [0 1 0 1 0 1 1 1 1 1 1 1 1 0 1 0]
552: [0 1 1 1 0 1 1 1 1 1 0 1 1 0 1 0]
553: [1 1 0 1 0 0 0 1 0 1 1 1 1 1 0 0]
554: [0 1 0 1 0 0 1 1 1 1 1 1 1 1 1 0]
555: [1 1 1 1 0 0 1 1 0 1 0 1 1 1 1 0]
556: [0 1 1 1 0 0 1 1 1 1 0 1 1 1 1 0]
557: [1 1 0 1 1 0 1 1 0 1 1 1 0 1 1 0]
558: [1 1 1 1 1 0 1 1 0 1 0 1 0 1 1 0]
559: [1 1 0 1 1 0 0 1 0 1 1 1 0 1 0 0]
560: [0 1 0 1 0 0 0 1 1 1 1 1 1 1 0 0]
561: [0 1 0 1 1 0 1 1 1 1 1 1 0 1 0 1]
562: [0 1 1 1 1 0 1 0 1 1 0 1 0 1 0 0]
563: [1 1 0 1 0 0 1 1 0 1 1 1 1 1 0 1]
564: [0 1 0 1 1 0 1 0 1 1 1 1 0 1 0 0]
565: [0 1 0 1 0 1 1 1 1 1 1 1 1 0 0 1]
566: [0 1 1 1 0 1 1 0 1 1 0 1 1 0 0 0]
567: [1 1 0 1 0 0 1 0 0 1 1 1 1 1 0 0]
568: [0 1 0 1 0 0 1 1 1 1 1 1 1 1 0 1]
569: [0 1 1 1 1 0 1 1 1 1 0 1 0 1 0 1]
570: [1 1 1 1 0 0 1 1 0 1 0 1 1 1 0 1]
571: [0 1 1 1 0 1 1 1 1 1 0 1 1 0 0 1]
572: [0 1 1 1 0 0 1 1 1 1 0 1 1 1 0 1]
573: [1 1 0 1 1 0 1 1 0 1 1 1 0 1 0 1]
574: [1 1 1 1 1 0 1 0 0 1 0 1 0 1 0 0]
575: [1 1 0 1 1 0 1 0 0 1 1 1 0 1 0 0]
576: [0 1 0 1 0 1 1 0 1 1 1 1 1 0 0 0]
577: [0 1 0 1 0 0 1 0 1 1 1 1 1 1 0 0]
578: [0 1 0 1 1 0 1 1 1 1 1 1 1 1 1 1]
579: [0 1 1 1 1 0 1 0 1 1 0 1 1 1 1 0]
580: [1 1 0 1 1 0 1 1 0 1 1 1 1 1 1 1]
581: [0 1 0 1 1 0 0 0 1 1 1 1 1 1 0 0]
582: [0 1 0 1 1 1 1 1 1 1 1 1 1 0 1 1]
583: [0 1 0 1 1 0 1 0 1 1 1 1 1 1 1 0]
584: [0 1 1 1 1 1 1 0 1 1 0 1 1 0 1 0]
585: [1 1 0 1 1 0 0 0 0 1 1 1 1 1 0 0]
586: [0 1 1 1 1 0 1 1 1 1 0 1 1 1 1 1]
587: [1 1 1 1 1 0 1 1 0 1 0 1 1 1 1 1]
588: [0 1 1 1 1 1 1 1 1 1 0 1 1 0 1 1]
589: [1 1 1 1 1 0 1 0 0 1 0 1 1 1 1 0]
590: [1 1 0 1 1 0 1 0 0 1 1 1 1 1 1 0]
591: [0 1 0 1 1 1 1 0 1 1 1 1 1 0 1 0]
592: [0 1 0 0 1 1 1 1 1 1 1 1 0 1 1 0]
593: [0 1 1 0 1 1 1 1 1 1 0 1 0 1 1 0]
594: [1 1 0 0 0 1 1 1 0 1 1 1 1 1 1 0]
595: [0 1 0 0 1 1 0 1 1 1 1 1 0 1 0 0]
596: [0 1 0 0 0 1 1 1 1 1 1 1 1 1 1 0]
597: [0 1 0 1 1 1 1 1 1 1 1 0 0 1 1 0]
598: [0 1 1 0 0 1 1 1 1 1 0 1 1 1 1 0]
599: [1 1 0 0 0 1 0 1 0 1 1 1 1 1 0 0]
600: [1 1 1 0 0 1 1 1 0 1 0 1 1 1 1 0]
601: [0 1 0 1 1 1 0 1 1 1 1 0 0 1 0 0]
602: [1 1 0 1 0 1 0 1 0 1 1 0 1 1 0 0]
603: [1 1 0 0 1 1 1 1 0 1 1 1 0 1 1 0]
604: [1 1 1 0 1 1 1 1 0 1 0 1 0 1 1 0]
605: [1 1 0 0 1 1 0 1 0 1 1 1 0 1 0 0]
606: [1 1 0 1 1 1 1 1 0 1 1 0 0 1 1 0]
607: [0 1 0 1 0 1 1 1 1 1 1 0 1 1 1 0]
608: [0 1 0 0 0 1 0 1 1 1 1 1 1 1 0 0]
609: [1 1 0 1 0 1 1 1 0 1 1 0 1 1 1 0]
610: [0 1 0 1 0 1 0 1 1 1 1 0 1 1 0 0]
611: [0 1 1 0 1 1 1 1 1 1 1 1 0 1 1 1]
612: [0 1 1 0 1 1 1 0 1 1 1 1 0 1 1 0]
613: [1 1 1 0 0 1 1 1 0 1 1 1 1 1 1 1]
614: [0 1 1 0 1 1 0 0 1 1 1 1 0 1 0 0]
615: [0 1 1 0 0 1 1 1 1 1 1 1 1 1 1 1]
616: [0 1 1 1 1 1 1 0 1 1 1 0 0 1 1 0]
617: [0 1 1 0 0 1 1 0 1 1 1 1 1 1 1 0]
618: [1 1 1 0 0 1 0 0 0 1 1 1 1 1 0 0]
619: [0 1 1 1 1 1 0 0 1 1 1 0 0 1 0 0]
620: [1 1 1 1 0 1 0 0 0 1 1 0 1 1 0 0]
621: [1 1 1 0 1 1 1 1 0 1 1 1 0 1 1 1]
622: [1 1 1 0 1 1 1 0 0 1 1 1 0 1 1 0]
623: [1 1 1 0 1 1 0 0 0 1 1 1 0 1 0 0]
624: [1 1 1 1 1 1 1 0 0 1 1 0 0 1 1 0]
625: [0 1 1 1 0 1 1 0 1 1 1 0 1 1 1 0]
626: [0 1 1 0 0 1 0 0 1 1 1 1 1 1 0 0]
627: [0 1 1 1 1 1 1 1 1 1 1 0 0 1 1 1]
628: [1 1 1 1 0 1 1 1 0 1 1 0 1 1 1 1]
629: [0 1 1 1 0 1 1 1 1 1 1 0 1 1 1 1]
630: [0 1 1 1 0 1 0 0 1 1 1 0 1 1 0 0]
631: [0 1 0 0 1 1 1 1 1 1 1 1 0 1 0 1]
632: [0 1 1 0 1 1 1 0 1 1 0 1 0 1 0 0]
633: [1 1 0 0 0 1 1 1 0 1 1 1 1 1 0 1]
634: [0 1 0 0 1 1 1 0 1 1 1 1 0 1 0 0]
635: [0 1 0 0 0 1 1 1 1 1 1 1 1 1 0 1]
636: [0 1 0 1 1 1 1 0 1 1 1 0 0 1 0 0]
637: [0 1 1 0 0 1 1 0 1 1 0 1 1 1 0 0]
638: [1 1 0 0 0 1 1 0 0 1 1 1 1 1 0 0]
639: [0 1 1 0 1 1 1 1 1 1 0 1 0 1 0 1]
640: [1 1 1 0 0 1 1 1 0 1 0 1 1 1 0 1]
641: [0 1 1 0 0 1 1 1 1 1 0 1 1 1 0 1]
642: [1 1 0 1 0 1 1 0 0 1 1 0 1 1 0 0]
643: [1 1 0 0 1 1 1 1 0 1 1 1 0 1 0 1]
644: [1 1 1 0 1 1 1 0 0 1 0 1 0 1 0 0]
645: [1 1 0 0 1 1 1 0 0 1 1 1 0 1 0 0]
646: [1 1 0 1 1 1 1 0 0 1 1 0 0 1 0 0]
647: [0 1 0 1 0 1 1 0 1 1 1 0 1 1 0 0]
648: [0 1 0 0 0 1 1 0 1 1 1 1 1 1 0 0]
649: [0 1 0 1 1 1 1 1 1 1 1 0 0 1 0 1]
650: [1 1 0 1 0 1 1 1 0 1 1 0 1 1 0 1]
651: [0 1 0 1 0 1 1 1 1 1 1 0 1 1 0 1]
652: [0 1 0 1 1 1 1 1 1 1 1 1 0 1 1 1]
653: [0 1 1 1 1 1 1 0 1 1 0 1 0 1 1 0]
654: [1 1 0 1 0 1 1 1 0 1 1 1 1 1 1 1]
655: [0 1 0 1 1 1 0 0 1 1 1 1 0 1 0 0]
656: [0 1 0 1 0 1 1 1 1 1 1 1 1 1 1 1]
657: [0 1 0 1 1 1 1 0 1 1 1 1 0 1 1 0]
658: [0 1 1 1 0 1 1 0 1 1 0 1 1 1 1 0]
659: [1 1 0 1 0 1 0 0 0 1 1 1 1 1 0 0]
660: [0 1 1 1 1 1 1 1 1 1 0 1 0 1 1 1]
661: [1 1 1 1 0 1 1 1 0 1 0 1 1 1 1 1]
662: [0 1 1 1 0 1 1 1 1 1 0 1 1 1 1 1]
663: [1 1 0 1 1 1 1 1 0 1 1 1 0 1 1 1]
664: [1 1 1 1 1 1 1 0 0 1 0 1 0 1 1 0]
665: [1 1 0 1 1 1 0 0 0 1 1 1 0 1 0 0]
666: [1 1 0 1 1 1 1 0 0 1 1 1 0 1 1 0]
667: [0 1 0 1 0 1 1 0 1 1 1 1 1 1 1 0]
668: [0 1 0 1 0 1 0 0 1 1 1 1 1 1 0 0]
