RK4[16, 17, 18, 19, 24, 25, 26, 27, 48, 49, 50, 51, 56, 57, 58, 59]:
0: [0 0 0 0 0 1 0 1 1 1 1 1 1 1 1 1]
1: [0 0 1 0 0 1 0 1 1 1 0 1 1 1 1 1]
2: [1 0 0 0 0 1 0 1 0 1 1 1 1 1 1 1]
3: [0 0 0 0 0 1 1 1 1 1 1 1 1 1 0 1]
4: [0 0 0 0 1 1 0 1 1 1 1 1 0 1 1 1]
5: [0 0 0 1 0 1 0 1 1 1 1 0 1 1 1 1]
6: [0 0 1 0 1 1 0 1 1 1 0 1 0 1 1 1]
7: [1 0 0 0 0 1 1 1 0 1 1 1 1 1 0 1]
8: [0 1 0 0 0 1 0 1 1 0 1 1 1 1 1 1]
9: [1 0 1 0 0 1 0 1 0 1 0 1 1 1 1 1]
10: [0 0 0 1 0 1 1 1 1 1 1 0 1 1 0 1]
11: [1 0 0 1 0 1 1 1 0 1 1 0 1 1 0 1]
12: [0 1 1 0 0 1 0 1 1 0 0 1 1 1 1 1]
13: [0 1 0 0 1 1 0 1 1 0 1 1 0 1 1 1]
14: [1 0 0 1 0 1 0 1 0 1 1 0 1 1 1 1]
15: [0 1 1 0 1 1 0 1 1 0 0 1 0 1 1 1]
16: [0 0 0 1 1 1 0 1 1 1 1 0 0 1 1 1]
17: [0 1 0 0 0 1 1 1 1 0 1 1 1 1 0 1]
18: [0 1 0 1 0 1 0 1 1 0 1 0 1 1 1 1]
19: [0 1 0 1 0 1 1 1 1 0 1 0 1 1 0 1]
20: [0 1 0 1 1 1 0 1 1 0 1 0 0 1 1 1]
21: [0 0 1 0 0 1 0 1 1 1 1 1 1 1 1 0]
22: [0 0 1 0 0 1 0 0 1 1 1 1 1 1 1 1]
23: [1 0 1 0 0 1 0 1 0 1 1 1 1 1 1 0]
24: [0 0 1 0 0 1 1 0 1 1 1 1 1 1 0 1]
25: [0 0 1 0 1 1 0 1 1 1 1 1 0 1 1 0]
26: [0 0 1 1 0 1 0 0 1 1 1 0 1 1 1 1]
27: [0 0 1 0 1 1 0 0 1 1 1 1 0 1 1 1]
28: [1 0 1 0 0 1 1 0 0 1 1 1 1 1 0 1]
29: [0 1 1 0 0 1 0 1 1 0 1 1 1 1 1 0]
30: [0 0 1 1 0 1 1 0 1 1 1 0 1 1 0 1]
31: [1 0 1 1 0 1 1 0 0 1 1 0 1 1 0 1]
32: [1 0 1 0 0 1 0 0 0 1 1 1 1 1 1 1]
33: [0 1 1 0 1 1 0 1 1 0 1 1 0 1 1 0]
34: [1 0 1 1 0 1 0 0 0 1 1 0 1 1 1 1]
35: [0 1 1 0 1 1 0 0 1 0 1 1 0 1 1 1]
36: [0 0 1 1 1 1 0 0 1 1 1 0 0 1 1 1]
37: [0 1 1 0 0 1 1 0 1 0 1 1 1 1 0 1]
38: [0 0 1 1 0 1 0 1 1 1 1 0 1 1 1 0]
39: [1 0 1 1 0 1 0 1 0 1 1 0 1 1 1 0]
40: [0 0 1 1 1 1 0 1 1 1 1 0 0 1 1 0]
41: [0 1 1 1 0 1 0 1 1 0 1 0 1 1 1 0]
42: [0 1 1 1 0 1 1 0 1 0 1 0 1 1 0 1]
43: [0 1 1 1 1 1 0 0 1 0 1 0 0 1 1 1]
44: [0 1 1 0 0 1 0 0 1 0 1 1 1 1 1 1]
45: [0 1 1 1 0 1 0 0 1 0 1 0 1 1 1 1]
46: [1 0 0 0 0 1 0 1 1 1 1 1 1 0 1 1]
47: [1 0 1 0 0 1 0 1 1 1 0 1 1 0 1 1]
48: [1 0 0 0 0 0 0 1 1 1 1 1 1 1 1 1]
49: [1 0 0 0 0 1 1 1 1 1 1 1 1 0 0 1]
50: [1 0 0 0 1 0 0 1 1 1 1 1 0 1 1 1]
51: [1 0 0 1 0 1 0 1 1 1 1 0 1 0 1 1]
52: [1 0 1 0 1 0 0 1 1 1 0 1 0 1 1 1]
53: [1 0 0 0 0 0 1 1 1 1 1 1 1 1 0 1]
54: [1 1 0 0 0 0 0 1 1 0 1 1 1 1 1 1]
55: [1 0 1 0 0 0 0 1 1 1 0 1 1 1 1 1]
56: [1 0 0 1 0 1 1 1 1 1 1 0 1 0 0 1]
57: [1 0 0 1 0 0 1 1 1 1 1 0 1 1 0 1]
58: [1 1 1 0 0 0 0 1 1 0 0 1 1 1 1 1]
59: [1 1 0 0 1 0 0 1 1 0 1 1 0 1 1 1]
60: [1 1 1 0 1 0 0 1 1 0 0 1 0 1 1 1]
61: [1 0 0 1 1 0 0 1 1 1 1 0 0 1 1 1]
62: [1 1 0 0 0 0 1 1 1 0 1 1 1 1 0 1]
63: [1 0 0 1 0 0 0 1 1 1 1 0 1 1 1 1]
64: [1 1 0 1 0 0 0 1 1 0 1 0 1 1 1 1]
65: [1 1 0 1 0 0 1 1 1 0 1 0 1 1 0 1]
66: [1 1 0 1 1 0 0 1 1 0 1 0 0 1 1 1]
67: [1 1 0 0 0 1 0 1 1 0 1 1 1 0 1 1]
68: [1 1 1 0 0 1 0 1 1 0 0 1 1 0 1 1]
69: [1 1 0 0 0 1 1 1 1 0 1 1 1 0 0 1]
70: [1 1 0 1 0 1 0 1 1 0 1 0 1 0 1 1]
71: [0 0 0 0 0 1 1 1 1 1 1 1 1 1 1 0]
72: [0 0 1 0 0 1 1 0 1 1 0 1 1 1 1 1]
73: [1 0 0 0 0 1 1 1 0 1 1 1 1 1 1 0]
74: [0 0 0 0 0 1 1 0 1 1 1 1 1 1 1 1]
75: [0 0 0 0 1 1 1 1 1 1 1 1 0 1 1 0]
76: [0 0 0 1 0 1 1 0 1 1 1 0 1 1 1 1]
77: [0 0 1 0 1 1 1 0 1 1 0 1 0 1 1 1]
78: [1 0 0 0 0 1 1 0 0 1 1 1 1 1 1 1]
79: [0 1 0 0 0 1 1 1 1 0 1 1 1 1 1 0]
80: [0 0 1 0 0 1 1 1 1 1 0 1 1 1 1 0]
81: [1 0 1 0 0 1 1 1 0 1 0 1 1 1 1 0]
82: [0 0 1 0 1 1 1 1 1 1 0 1 0 1 1 0]
83: [1 0 0 1 0 1 1 0 0 1 1 0 1 1 1 1]
84: [0 1 1 0 0 1 1 1 1 0 0 1 1 1 1 0]
85: [1 0 1 0 0 1 1 0 0 1 0 1 1 1 1 1]
86: [0 1 0 0 1 1 1 1 1 0 1 1 0 1 1 0]
87: [0 1 1 0 1 1 1 0 1 0 0 1 0 1 1 1]
88: [0 0 0 1 1 1 1 0 1 1 1 0 0 1 1 1]
89: [0 1 0 0 0 1 1 0 1 0 1 1 1 1 1 1]
90: [0 0 0 1 0 1 1 1 1 1 1 0 1 1 1 0]
91: [1 0 0 1 0 1 1 1 0 1 1 0 1 1 1 0]
92: [0 0 0 1 1 1 1 1 1 1 1 0 0 1 1 0]
93: [0 1 0 1 0 1 1 1 1 0 1 0 1 1 1 0]
94: [0 1 0 1 0 1 1 0 1 0 1 0 1 1 1 1]
95: [0 1 0 1 1 1 1 0 1 0 1 0 0 1 1 1]
96: [0 1 1 0 0 1 1 0 1 0 0 1 1 1 1 1]
97: [0 0 0 0 1 1 0 1 1 1 1 1 1 0 1 1]
98: [0 0 1 0 1 1 0 1 1 1 0 1 1 0 1 1]
99: [1 0 0 0 1 0 0 1 0 1 1 1 1 1 1 1]
100: [0 0 0 0 1 1 1 1 1 1 1 1 1 0 0 1]
101: [0 0 0 0 1 0 0 1 1 1 1 1 1 1 1 1]
102: [0 0 0 1 1 1 0 1 1 1 1 0 1 0 1 1]
103: [0 0 1 0 1 0 0 1 1 1 0 1 1 1 1 1]
104: [1 0 0 0 1 0 1 1 0 1 1 1 1 1 0 1]
105: [0 1 0 0 1 0 0 1 1 0 1 1 1 1 1 1]
106: [1 0 1 0 1 0 0 1 0 1 0 1 1 1 1 1]
107: [0 0 0 1 1 1 1 1 1 1 1 0 1 0 0 1]
108: [1 0 0 1 1 0 1 1 0 1 1 0 1 1 0 1]
109: [0 1 1 0 1 0 0 1 1 0 0 1 1 1 1 1]
110: [1 0 0 0 1 1 0 1 0 1 1 1 1 0 1 1]
111: [1 0 1 0 1 1 0 1 0 1 0 1 1 0 1 1]
112: [1 0 0 0 1 1 1 1 0 1 1 1 1 0 0 1]
113: [1 0 0 1 1 1 0 1 0 1 1 0 1 0 1 1]
114: [0 0 0 1 1 0 0 1 1 1 1 0 1 1 1 1]
115: [0 1 0 0 1 0 1 1 1 0 1 1 1 1 0 1]
116: [1 0 0 1 1 0 0 1 0 1 1 0 1 1 1 1]
117: [0 1 0 1 1 0 0 1 1 0 1 0 1 1 1 1]
118: [0 1 0 1 1 0 1 1 1 0 1 0 1 1 0 1]
119: [0 1 0 0 1 1 0 1 1 0 1 1 1 0 1 1]
120: [0 1 1 0 1 1 0 1 1 0 0 1 1 0 1 1]
121: [0 1 0 0 1 1 1 1 1 0 1 1 1 0 0 1]
122: [0 1 0 1 1 1 0 1 1 0 1 0 1 0 1 1]
123: [0 0 0 1 0 1 0 1 1 1 1 1 1 1 1 0]
124: [0 0 1 1 0 1 0 0 1 1 0 1 1 1 1 1]
125: [1 0 0 1 0 1 0 1 0 1 1 1 1 1 1 0]
126: [0 0 0 1 0 1 1 0 1 1 1 1 1 1 0 1]
127: [0 0 0 1 1 1 0 1 1 1 1 1 0 1 1 0]
128: [0 0 0 1 0 1 0 0 1 1 1 1 1 1 1 1]
129: [0 0 1 1 1 1 0 0 1 1 0 1 0 1 1 1]
130: [1 0 0 1 0 1 1 0 0 1 1 1 1 1 0 1]
131: [0 1 0 1 0 1 0 1 1 0 1 1 1 1 1 0]
132: [0 0 1 1 0 1 0 1 1 1 0 1 1 1 1 0]
133: [1 0 1 1 0 1 0 1 0 1 0 1 1 1 1 0]
134: [0 0 1 1 1 1 0 1 1 1 0 1 0 1 1 0]
135: [0 1 1 1 0 1 0 1 1 0 0 1 1 1 1 0]
136: [1 0 1 1 0 1 0 0 0 1 0 1 1 1 1 1]
137: [0 1 0 1 1 1 0 1 1 0 1 1 0 1 1 0]
138: [1 0 0 1 0 1 0 0 0 1 1 1 1 1 1 1]
139: [0 1 1 1 1 1 0 0 1 0 0 1 0 1 1 1]
140: [0 0 0 1 1 1 0 0 1 1 1 1 0 1 1 1]
141: [0 1 0 1 0 1 1 0 1 0 1 1 1 1 0 1]
142: [0 1 0 1 1 1 0 0 1 0 1 1 0 1 1 1]
143: [0 1 1 1 0 1 0 0 1 0 0 1 1 1 1 1]
144: [0 1 0 1 0 1 0 0 1 0 1 1 1 1 1 1]
145: [0 0 1 0 1 1 0 1 1 1 1 1 1 0 1 0]
146: [0 0 1 0 1 1 0 0 1 1 1 1 1 0 1 1]
147: [1 0 1 0 1 0 0 1 0 1 1 1 1 1 1 0]
148: [0 0 1 0 1 1 1 0 1 1 1 1 1 0 0 1]
149: [0 0 1 0 1 0 0 1 1 1 1 1 1 1 1 0]
150: [0 0 1 1 1 1 0 0 1 1 1 0 1 0 1 1]
151: [0 0 1 0 1 0 0 0 1 1 1 1 1 1 1 1]
152: [1 0 1 0 1 0 1 0 0 1 1 1 1 1 0 1]
153: [0 1 1 0 1 0 0 1 1 0 1 1 1 1 1 0]
154: [0 0 1 1 1 1 1 0 1 1 1 0 1 0 0 1]
155: [1 0 1 1 1 0 1 0 0 1 1 0 1 1 0 1]
156: [1 0 1 0 1 1 0 1 0 1 1 1 1 0 1 0]
157: [1 0 1 0 1 1 0 0 0 1 1 1 1 0 1 1]
158: [1 0 1 0 1 1 1 0 0 1 1 1 1 0 0 1]
159: [1 0 1 1 1 1 0 0 0 1 1 0 1 0 1 1]
160: [0 1 1 0 1 0 0 0 1 0 1 1 1 1 1 1]
161: [0 0 1 1 1 0 0 0 1 1 1 0 1 1 1 1]
162: [0 1 1 0 1 0 1 0 1 0 1 1 1 1 0 1]
163: [0 0 1 1 1 1 0 1 1 1 1 0 1 0 1 0]
164: [1 0 1 1 1 0 0 1 0 1 1 0 1 1 1 0]
165: [0 0 1 1 1 0 0 1 1 1 1 0 1 1 1 0]
166: [0 1 1 1 1 0 0 1 1 0 1 0 1 1 1 0]
167: [0 1 1 1 1 0 1 0 1 0 1 0 1 1 0 1]
168: [0 1 1 1 1 0 0 0 1 0 1 0 1 1 1 1]
169: [0 1 1 0 1 1 0 1 1 0 1 1 1 0 1 0]
170: [0 1 1 0 1 1 0 0 1 0 1 1 1 0 1 1]
171: [0 1 1 0 1 1 1 0 1 0 1 1 1 0 0 1]
172: [0 1 1 1 1 1 0 0 1 0 1 0 1 0 1 1]
173: [1 0 0 0 0 1 1 1 1 1 1 1 1 0 1 0]
174: [1 0 1 0 0 1 1 0 1 1 0 1 1 0 1 1]
175: [1 0 0 0 0 0 1 1 1 1 1 1 1 1 1 0]
176: [1 0 0 0 0 1 1 0 1 1 1 1 1 0 1 1]
177: [1 0 0 0 1 0 1 1 1 1 1 1 0 1 1 0]
178: [1 0 0 1 0 1 1 0 1 1 1 0 1 0 1 1]
179: [1 0 1 0 1 0 1 0 1 1 0 1 0 1 1 1]
180: [1 0 0 0 0 0 1 0 1 1 1 1 1 1 1 1]
181: [1 1 0 0 0 0 1 1 1 0 1 1 1 1 1 0]
182: [1 0 1 0 0 1 1 1 1 1 0 1 1 0 1 0]
183: [1 0 1 0 0 0 1 1 1 1 0 1 1 1 1 0]
184: [1 0 1 0 1 0 1 1 1 1 0 1 0 1 1 0]
185: [1 0 0 1 0 0 1 0 1 1 1 0 1 1 1 1]
186: [1 1 1 0 0 0 1 1 1 0 0 1 1 1 1 0]
187: [1 1 0 0 1 0 1 1 1 0 1 1 0 1 1 0]
188: [1 1 1 0 1 0 1 0 1 0 0 1 0 1 1 1]
189: [1 0 0 1 1 0 1 0 1 1 1 0 0 1 1 1]
190: [1 1 0 0 0 0 1 0 1 0 1 1 1 1 1 1]
191: [1 0 0 1 0 1 1 1 1 1 1 0 1 0 1 0]
192: [1 0 0 1 0 0 1 1 1 1 1 0 1 1 1 0]
193: [1 0 0 1 1 0 1 1 1 1 1 0 0 1 1 0]
194: [1 1 0 1 0 0 1 1 1 0 1 0 1 1 1 0]
195: [1 1 0 1 0 0 1 0 1 0 1 0 1 1 1 1]
196: [1 1 0 1 1 0 1 0 1 0 1 0 0 1 1 1]
197: [1 1 0 0 0 1 1 1 1 0 1 1 1 0 1 0]
198: [1 1 1 0 0 1 1 0 1 0 0 1 1 0 1 1]
199: [1 1 0 0 0 1 1 0 1 0 1 1 1 0 1 1]
200: [1 1 0 1 0 1 1 0 1 0 1 0 1 0 1 1]
201: [0 1 0 0 0 1 0 1 1 1 1 1 1 0 1 1]
202: [0 1 1 0 0 1 0 1 1 1 0 1 1 0 1 1]
203: [1 1 0 0 0 0 0 1 0 1 1 1 1 1 1 1]
204: [0 1 0 0 0 1 1 1 1 1 1 1 1 0 0 1]
205: [0 1 0 0 1 0 0 1 1 1 1 1 0 1 1 1]
206: [0 1 0 1 0 1 0 1 1 1 1 0 1 0 1 1]
207: [0 1 1 0 1 0 0 1 1 1 0 1 0 1 1 1]
208: [1 1 0 0 0 0 1 1 0 1 1 1 1 1 0 1]
209: [0 1 0 0 0 0 0 1 1 1 1 1 1 1 1 1]
210: [1 1 1 0 0 0 0 1 0 1 0 1 1 1 1 1]
211: [0 1 0 1 0 1 1 1 1 1 1 0 1 0 0 1]
212: [1 1 0 1 0 0 1 1 0 1 1 0 1 1 0 1]
213: [0 1 1 0 0 0 0 1 1 1 0 1 1 1 1 1]
214: [1 1 0 0 0 1 0 1 0 1 1 1 1 0 1 1]
215: [1 1 1 0 0 1 0 1 0 1 0 1 1 0 1 1]
216: [1 1 0 0 0 1 1 1 0 1 1 1 1 0 0 1]
217: [1 1 0 1 0 1 0 1 0 1 1 0 1 0 1 1]
218: [0 1 0 1 1 0 0 1 1 1 1 0 0 1 1 1]
219: [0 1 0 0 0 0 1 1 1 1 1 1 1 1 0 1]
220: [1 1 0 1 0 0 0 1 0 1 1 0 1 1 1 1]
221: [0 1 0 1 0 0 0 1 1 1 1 0 1 1 1 1]
222: [0 1 0 1 0 0 1 1 1 1 1 0 1 1 0 1]
223: [0 0 1 0 0 1 0 1 1 1 1 1 1 1 1 1]
224: [1 0 1 0 0 1 0 1 0 1 1 1 1 1 1 1]
225: [0 0 1 0 0 1 1 1 1 1 1 1 1 1 0 1]
226: [0 0 1 0 1 1 0 1 1 1 1 1 0 1 1 1]
227: [0 0 1 1 0 1 0 1 1 1 1 0 1 1 1 1]
228: [1 0 1 0 0 1 1 1 0 1 1 1 1 1 0 1]
229: [0 1 1 0 0 1 0 1 1 0 1 1 1 1 1 1]
230: [0 0 1 1 0 1 1 1 1 1 1 0 1 1 0 1]
231: [1 0 1 1 0 1 1 1 0 1 1 0 1 1 0 1]
232: [0 1 1 0 1 1 0 1 1 0 1 1 0 1 1 1]
233: [1 0 1 1 0 1 0 1 0 1 1 0 1 1 1 1]
234: [0 0 1 1 1 1 0 1 1 1 1 0 0 1 1 1]
235: [0 1 1 0 0 1 1 1 1 0 1 1 1 1 0 1]
236: [0 1 1 1 0 1 0 1 1 0 1 0 1 1 1 1]
237: [0 1 1 1 0 1 1 1 1 0 1 0 1 1 0 1]
238: [0 1 1 1 1 1 0 1 1 0 1 0 0 1 1 1]
239: [1 0 1 0 0 1 0 1 1 1 1 1 1 0 1 1]
240: [1 0 1 0 0 0 0 1 1 1 1 1 1 1 1 1]
241: [1 0 1 0 0 1 1 1 1 1 1 1 1 0 0 1]
242: [1 0 1 0 1 0 0 1 1 1 1 1 0 1 1 1]
243: [1 0 1 1 0 1 0 1 1 1 1 0 1 0 1 1]
244: [1 0 1 0 0 0 1 1 1 1 1 1 1 1 0 1]
245: [1 1 1 0 0 0 0 1 1 0 1 1 1 1 1 1]
246: [1 0 1 1 0 1 1 1 1 1 1 0 1 0 0 1]
247: [1 0 1 1 0 0 1 1 1 1 1 0 1 1 0 1]
248: [1 1 1 0 1 0 0 1 1 0 1 1 0 1 1 1]
249: [1 0 1 1 1 0 0 1 1 1 1 0 0 1 1 1]
250: [1 1 1 0 0 0 1 1 1 0 1 1 1 1 0 1]
251: [1 0 1 1 0 0 0 1 1 1 1 0 1 1 1 1]
252: [1 1 1 1 0 0 0 1 1 0 1 0 1 1 1 1]
253: [1 1 1 1 0 0 1 1 1 0 1 0 1 1 0 1]
254: [1 1 1 1 1 0 0 1 1 0 1 0 0 1 1 1]
255: [1 1 1 0 0 1 0 1 1 0 1 1 1 0 1 1]
256: [1 1 1 0 0 1 1 1 1 0 1 1 1 0 0 1]
257: [1 1 1 1 0 1 0 1 1 0 1 0 1 0 1 1]
258: [0 0 0 1 0 1 1 1 1 1 1 1 1 1 1 0]
259: [0 0 1 1 0 1 1 0 1 1 0 1 1 1 1 1]
260: [1 0 0 1 0 1 1 1 0 1 1 1 1 1 1 0]
261: [0 0 0 1 0 1 1 0 1 1 1 1 1 1 1 1]
262: [0 0 0 1 1 1 1 1 1 1 1 1 0 1 1 0]
263: [0 0 1 1 1 1 1 0 1 1 0 1 0 1 1 1]
264: [1 0 0 1 0 1 1 0 0 1 1 1 1 1 1 1]
265: [0 1 0 1 0 1 1 1 1 0 1 1 1 1 1 0]
266: [0 0 1 1 0 1 1 1 1 1 0 1 1 1 1 0]
267: [1 0 1 1 0 1 1 1 0 1 0 1 1 1 1 0]
268: [0 0 1 1 1 1 1 1 1 1 0 1 0 1 1 0]
269: [0 1 1 1 0 1 1 1 1 0 0 1 1 1 1 0]
270: [1 0 1 1 0 1 1 0 0 1 0 1 1 1 1 1]
271: [0 1 0 1 1 1 1 1 1 0 1 1 0 1 1 0]
272: [0 1 1 1 1 1 1 0 1 0 0 1 0 1 1 1]
273: [0 0 0 1 1 1 1 0 1 1 1 1 0 1 1 1]
274: [0 1 0 1 0 1 1 0 1 0 1 1 1 1 1 1]
275: [0 1 0 1 1 1 1 0 1 0 1 1 0 1 1 1]
276: [0 1 1 1 0 1 1 0 1 0 0 1 1 1 1 1]
277: [0 0 1 0 1 1 0 1 1 1 1 1 1 0 1 1]
278: [1 0 1 0 1 0 0 1 0 1 1 1 1 1 1 1]
279: [0 0 1 0 1 1 1 1 1 1 1 1 1 0 0 1]
280: [0 0 1 0 1 0 0 1 1 1 1 1 1 1 1 1]
281: [0 0 1 1 1 1 0 1 1 1 1 0 1 0 1 1]
282: [1 0 1 0 1 0 1 1 0 1 1 1 1 1 0 1]
283: [0 1 1 0 1 0 0 1 1 0 1 1 1 1 1 1]
284: [0 0 1 1 1 1 1 1 1 1 1 0 1 0 0 1]
285: [1 0 1 1 1 0 1 1 0 1 1 0 1 1 0 1]
286: [1 0 1 0 1 1 0 1 0 1 1 1 1 0 1 1]
287: [1 0 1 0 1 1 1 1 0 1 1 1 1 0 0 1]
288: [1 0 1 1 1 1 0 1 0 1 1 0 1 0 1 1]
289: [0 0 1 1 1 0 0 1 1 1 1 0 1 1 1 1]
290: [0 1 1 0 1 0 1 1 1 0 1 1 1 1 0 1]
291: [1 0 1 1 1 0 0 1 0 1 1 0 1 1 1 1]
292: [0 1 1 1 1 0 0 1 1 0 1 0 1 1 1 1]
293: [0 1 1 1 1 0 1 1 1 0 1 0 1 1 0 1]
294: [0 1 1 0 1 1 0 1 1 0 1 1 1 0 1 1]
295: [0 1 1 0 1 1 1 1 1 0 1 1 1 0 0 1]
296: [0 1 1 1 1 1 0 1 1 0 1 0 1 0 1 1]
297: [1 0 0 1 0 1 1 1 1 1 1 1 1 0 1 0]
298: [1 0 1 1 0 1 1 0 1 1 0 1 1 0 1 1]
299: [1 0 0 1 0 0 1 1 1 1 1 1 1 1 1 0]
300: [1 0 0 1 0 1 1 0 1 1 1 1 1 0 1 1]
301: [1 0 0 1 1 0 1 1 1 1 1 1 0 1 1 0]
302: [1 0 1 1 1 0 1 0 1 1 0 1 0 1 1 1]
303: [1 0 0 1 0 0 1 0 1 1 1 1 1 1 1 1]
304: [1 1 0 1 0 0 1 1 1 0 1 1 1 1 1 0]
305: [1 0 1 1 0 1 1 1 1 1 0 1 1 0 1 0]
306: [1 0 1 1 0 0 1 1 1 1 0 1 1 1 1 0]
307: [1 0 1 1 1 0 1 1 1 1 0 1 0 1 1 0]
308: [1 1 1 1 0 0 1 1 1 0 0 1 1 1 1 0]
309: [1 1 0 1 1 0 1 1 1 0 1 1 0 1 1 0]
310: [1 1 1 1 1 0 1 0 1 0 0 1 0 1 1 1]
311: [1 0 0 1 1 0 1 0 1 1 1 1 0 1 1 1]
312: [1 1 0 1 0 0 1 0 1 0 1 1 1 1 1 1]
313: [1 1 0 1 1 0 1 0 1 0 1 1 0 1 1 1]
314: [1 1 0 1 0 1 1 1 1 0 1 1 1 0 1 0]
315: [1 1 1 1 0 1 1 0 1 0 0 1 1 0 1 1]
316: [1 1 0 1 0 1 1 0 1 0 1 1 1 0 1 1]
317: [0 1 1 0 0 1 0 1 1 1 1 1 1 0 1 1]
318: [1 1 1 0 0 0 0 1 0 1 1 1 1 1 1 1]
319: [0 1 1 0 0 1 1 1 1 1 1 1 1 0 0 1]
320: [0 1 1 0 1 0 0 1 1 1 1 1 0 1 1 1]
321: [0 1 1 1 0 1 0 1 1 1 1 0 1 0 1 1]
322: [1 1 1 0 0 0 1 1 0 1 1 1 1 1 0 1]
323: [0 1 1 0 0 0 0 1 1 1 1 1 1 1 1 1]
324: [0 1 1 1 0 1 1 1 1 1 1 0 1 0 0 1]
325: [1 1 1 1 0 0 1 1 0 1 1 0 1 1 0 1]
326: [1 1 1 0 0 1 0 1 0 1 1 1 1 0 1 1]
327: [1 1 1 0 0 1 1 1 0 1 1 1 1 0 0 1]
328: [1 1 1 1 0 1 0 1 0 1 1 0 1 0 1 1]
329: [0 1 1 1 1 0 0 1 1 1 1 0 0 1 1 1]
330: [0 1 1 0 0 0 1 1 1 1 1 1 1 1 0 1]
331: [1 1 1 1 0 0 0 1 0 1 1 0 1 1 1 1]
332: [0 1 1 1 0 0 0 1 1 1 1 0 1 1 1 1]
333: [0 1 1 1 0 0 1 1 1 1 1 0 1 1 0 1]
334: [1 0 0 0 0 1 0 1 1 1 1 1 1 1 1 1]
335: [1 0 1 0 0 1 0 1 1 1 0 1 1 1 1 1]
336: [1 0 0 0 0 1 1 1 1 1 1 1 1 1 0 1]
337: [1 0 0 0 1 1 0 1 1 1 1 1 0 1 1 1]
338: [1 0 0 1 0 1 0 1 1 1 1 0 1 1 1 1]
339: [1 0 1 0 1 1 0 1 1 1 0 1 0 1 1 1]
340: [1 1 0 0 0 1 0 1 1 0 1 1 1 1 1 1]
341: [1 0 0 1 0 1 1 1 1 1 1 0 1 1 0 1]
342: [1 1 1 0 0 1 0 1 1 0 0 1 1 1 1 1]
343: [1 1 0 0 1 1 0 1 1 0 1 1 0 1 1 1]
344: [1 1 1 0 1 1 0 1 1 0 0 1 0 1 1 1]
345: [1 0 0 1 1 1 0 1 1 1 1 0 0 1 1 1]
346: [1 1 0 0 0 1 1 1 1 0 1 1 1 1 0 1]
347: [1 1 0 1 0 1 0 1 1 0 1 0 1 1 1 1]
348: [1 1 0 1 0 1 1 1 1 0 1 0 1 1 0 1]
349: [1 1 0 1 1 1 0 1 1 0 1 0 0 1 1 1]
350: [1 0 1 0 0 1 0 1 1 1 1 1 1 1 1 0]
351: [1 0 1 0 0 1 0 0 1 1 1 1 1 1 1 1]
352: [1 0 1 0 0 1 1 0 1 1 1 1 1 1 0 1]
353: [1 0 1 0 1 1 0 1 1 1 1 1 0 1 1 0]
354: [1 0 1 1 0 1 0 0 1 1 1 0 1 1 1 1]
355: [1 0 1 0 1 1 0 0 1 1 1 1 0 1 1 1]
356: [1 1 1 0 0 1 0 1 1 0 1 1 1 1 1 0]
357: [1 0 1 1 0 1 1 0 1 1 1 0 1 1 0 1]
358: [1 1 1 0 1 1 0 1 1 0 1 1 0 1 1 0]
359: [1 1 1 0 1 1 0 0 1 0 1 1 0 1 1 1]
360: [1 0 1 1 1 1 0 0 1 1 1 0 0 1 1 1]
361: [1 1 1 0 0 1 1 0 1 0 1 1 1 1 0 1]
362: [1 0 1 1 0 1 0 1 1 1 1 0 1 1 1 0]
363: [1 0 1 1 1 1 0 1 1 1 1 0 0 1 1 0]
364: [1 1 1 1 0 1 0 1 1 0 1 0 1 1 1 0]
365: [1 1 1 1 0 1 1 0 1 0 1 0 1 1 0 1]
366: [1 1 1 1 1 1 0 0 1 0 1 0 0 1 1 1]
367: [1 1 1 0 0 1 0 0 1 0 1 1 1 1 1 1]
368: [1 1 1 1 0 1 0 0 1 0 1 0 1 1 1 1]
369: [1 0 0 0 0 1 1 1 1 1 1 1 1 1 1 0]
370: [1 0 1 0 0 1 1 0 1 1 0 1 1 1 1 1]
371: [1 0 0 0 0 1 1 0 1 1 1 1 1 1 1 1]
372: [1 0 0 0 1 1 1 1 1 1 1 1 0 1 1 0]
373: [1 0 0 1 0 1 1 0 1 1 1 0 1 1 1 1]
374: [1 0 1 0 1 1 1 0 1 1 0 1 0 1 1 1]
375: [1 1 0 0 0 1 1 1 1 0 1 1 1 1 1 0]
376: [1 0 1 0 0 1 1 1 1 1 0 1 1 1 1 0]
377: [1 0 1 0 1 1 1 1 1 1 0 1 0 1 1 0]
378: [1 1 1 0 0 1 1 1 1 0 0 1 1 1 1 0]
379: [1 1 0 0 1 1 1 1 1 0 1 1 0 1 1 0]
380: [1 1 1 0 1 1 1 0 1 0 0 1 0 1 1 1]
381: [1 0 0 1 1 1 1 0 1 1 1 0 0 1 1 1]
382: [1 1 0 0 0 1 1 0 1 0 1 1 1 1 1 1]
383: [1 0 0 1 0 1 1 1 1 1 1 0 1 1 1 0]
384: [1 0 0 1 1 1 1 1 1 1 1 0 0 1 1 0]
385: [1 1 0 1 0 1 1 1 1 0 1 0 1 1 1 0]
386: [1 1 0 1 0 1 1 0 1 0 1 0 1 1 1 1]
387: [1 1 0 1 1 1 1 0 1 0 1 0 0 1 1 1]
388: [1 1 1 0 0 1 1 0 1 0 0 1 1 1 1 1]
389: [0 1 0 0 1 1 0 1 1 1 1 1 1 0 1 1]
390: [0 1 1 0 1 1 0 1 1 1 0 1 1 0 1 1]
391: [1 1 0 0 1 0 0 1 0 1 1 1 1 1 1 1]
392: [0 1 0 0 1 1 1 1 1 1 1 1 1 0 0 1]
393: [0 1 0 0 1 0 0 1 1 1 1 1 1 1 1 1]
394: [0 1 0 1 1 1 0 1 1 1 1 0 1 0 1 1]
395: [0 1 1 0 1 0 0 1 1 1 0 1 1 1 1 1]
396: [1 1 0 0 1 0 1 1 0 1 1 1 1 1 0 1]
397: [1 1 1 0 1 0 0 1 0 1 0 1 1 1 1 1]
398: [0 1 0 1 1 1 1 1 1 1 1 0 1 0 0 1]
399: [1 1 0 1 1 0 1 1 0 1 1 0 1 1 0 1]
400: [1 1 0 0 1 1 0 1 0 1 1 1 1 0 1 1]
401: [1 1 1 0 1 1 0 1 0 1 0 1 1 0 1 1]
402: [1 1 0 0 1 1 1 1 0 1 1 1 1 0 0 1]
403: [1 1 0 1 1 1 0 1 0 1 1 0 1 0 1 1]
404: [0 1 0 1 1 0 0 1 1 1 1 0 1 1 1 1]
405: [0 1 0 0 1 0 1 1 1 1 1 1 1 1 0 1]
406: [1 1 0 1 1 0 0 1 0 1 1 0 1 1 1 1]
407: [0 1 0 1 1 0 1 1 1 1 1 0 1 1 0 1]
408: [1 0 0 1 0 1 0 1 1 1 1 1 1 1 1 0]
409: [1 0 1 1 0 1 0 0 1 1 0 1 1 1 1 1]
410: [1 0 0 1 0 1 1 0 1 1 1 1 1 1 0 1]
411: [1 0 0 1 1 1 0 1 1 1 1 1 0 1 1 0]
412: [1 0 0 1 0 1 0 0 1 1 1 1 1 1 1 1]
413: [1 0 1 1 1 1 0 0 1 1 0 1 0 1 1 1]
414: [1 1 0 1 0 1 0 1 1 0 1 1 1 1 1 0]
415: [1 0 1 1 0 1 0 1 1 1 0 1 1 1 1 0]
416: [1 0 1 1 1 1 0 1 1 1 0 1 0 1 1 0]
417: [1 1 1 1 0 1 0 1 1 0 0 1 1 1 1 0]
418: [1 1 0 1 1 1 0 1 1 0 1 1 0 1 1 0]
419: [1 1 1 1 1 1 0 0 1 0 0 1 0 1 1 1]
420: [1 0 0 1 1 1 0 0 1 1 1 1 0 1 1 1]
421: [1 1 0 1 0 1 1 0 1 0 1 1 1 1 0 1]
422: [1 1 0 1 1 1 0 0 1 0 1 1 0 1 1 1]
423: [1 1 1 1 0 1 0 0 1 0 0 1 1 1 1 1]
424: [1 1 0 1 0 1 0 0 1 0 1 1 1 1 1 1]
425: [0 1 1 0 1 1 0 1 1 1 1 1 1 0 1 0]
426: [0 1 1 0 1 1 0 0 1 1 1 1 1 0 1 1]
427: [1 1 1 0 1 0 0 1 0 1 1 1 1 1 1 0]
428: [0 1 1 0 1 1 1 0 1 1 1 1 1 0 0 1]
429: [0 1 1 0 1 0 0 1 1 1 1 1 1 1 1 0]
430: [0 1 1 1 1 1 0 0 1 1 1 0 1 0 1 1]
431: [0 1 1 0 1 0 0 0 1 1 1 1 1 1 1 1]
432: [1 1 1 0 1 0 1 0 0 1 1 1 1 1 0 1]
433: [0 1 1 1 1 1 1 0 1 1 1 0 1 0 0 1]
434: [1 1 1 1 1 0 1 0 0 1 1 0 1 1 0 1]
435: [1 1 1 0 1 1 0 1 0 1 1 1 1 0 1 0]
436: [1 1 1 0 1 1 0 0 0 1 1 1 1 0 1 1]
437: [1 1 1 0 1 1 1 0 0 1 1 1 1 0 0 1]
438: [1 1 1 1 1 1 0 0 0 1 1 0 1 0 1 1]
439: [0 1 1 1 1 0 0 0 1 1 1 0 1 1 1 1]
440: [0 1 1 0 1 0 1 0 1 1 1 1 1 1 0 1]
441: [0 1 1 1 1 1 0 1 1 1 1 0 1 0 1 0]
442: [1 1 1 1 1 0 0 1 0 1 1 0 1 1 1 0]
443: [0 1 1 1 1 0 0 1 1 1 1 0 1 1 1 0]
444: [0 1 1 1 1 0 1 0 1 1 1 0 1 1 0 1]
445: [0 0 0 1 1 1 0 1 1 1 1 1 1 0 1 0]
446: [0 0 1 1 1 1 0 0 1 1 0 1 1 0 1 1]
447: [1 0 0 1 1 0 0 1 0 1 1 1 1 1 1 0]
448: [0 0 0 1 1 1 1 0 1 1 1 1 1 0 0 1]
449: [0 0 0 1 1 0 0 1 1 1 1 1 1 1 1 0]
450: [0 0 0 1 1 1 0 0 1 1 1 1 1 0 1 1]
451: [0 0 1 1 1 0 0 0 1 1 0 1 1 1 1 1]
452: [1 0 0 1 1 0 1 0 0 1 1 1 1 1 0 1]
453: [0 1 0 1 1 0 0 1 1 0 1 1 1 1 1 0]
454: [0 0 1 1 1 1 0 1 1 1 0 1 1 0 1 0]
455: [1 0 1 1 1 0 0 1 0 1 0 1 1 1 1 0]
456: [0 0 1 1 1 0 0 1 1 1 0 1 1 1 1 0]
457: [0 1 1 1 1 0 0 1 1 0 0 1 1 1 1 0]
458: [1 0 0 1 1 1 0 1 0 1 1 1 1 0 1 0]
459: [1 0 1 1 1 1 0 0 0 1 0 1 1 0 1 1]
460: [1 0 0 1 1 1 1 0 0 1 1 1 1 0 0 1]
461: [1 0 0 1 1 1 0 0 0 1 1 1 1 0 1 1]
462: [0 1 1 1 1 0 0 0 1 0 0 1 1 1 1 1]
463: [0 0 0 1 1 0 0 0 1 1 1 1 1 1 1 1]
464: [0 1 0 1 1 0 1 0 1 0 1 1 1 1 0 1]
465: [0 1 0 1 1 0 0 0 1 0 1 1 1 1 1 1]
466: [0 1 0 1 1 1 0 1 1 0 1 1 1 0 1 0]
467: [0 1 1 1 1 1 0 0 1 0 0 1 1 0 1 1]
468: [0 1 0 1 1 1 1 0 1 0 1 1 1 0 0 1]
469: [0 1 0 1 1 1 0 0 1 0 1 1 1 0 1 1]
470: [0 1 0 0 0 1 1 1 1 1 1 1 1 0 1 0]
471: [0 1 1 0 0 1 1 0 1 1 0 1 1 0 1 1]
472: [1 1 0 0 0 0 1 1 0 1 1 1 1 1 1 0]
473: [0 1 0 0 0 1 1 0 1 1 1 1 1 0 1 1]
474: [0 1 0 0 1 0 1 1 1 1 1 1 0 1 1 0]
475: [0 1 0 1 0 1 1 0 1 1 1 0 1 0 1 1]
476: [0 1 1 0 1 0 1 0 1 1 0 1 0 1 1 1]
477: [1 1 0 0 0 0 1 0 0 1 1 1 1 1 1 1]
478: [0 1 0 0 0 0 1 1 1 1 1 1 1 1 1 0]
479: [0 1 1 0 0 1 1 1 1 1 0 1 1 0 1 0]
480: [1 1 1 0 0 0 1 1 0 1 0 1 1 1 1 0]
481: [0 1 1 0 1 0 1 1 1 1 0 1 0 1 1 0]
482: [1 1 0 1 0 0 1 0 0 1 1 0 1 1 1 1]
483: [0 1 1 0 0 0 1 1 1 1 0 1 1 1 1 0]
484: [1 1 0 0 0 1 1 1 0 1 1 1 1 0 1 0]
485: [1 1 1 0 0 1 1 0 0 1 0 1 1 0 1 1]
486: [1 1 0 0 0 1 1 0 0 1 1 1 1 0 1 1]
487: [1 1 0 1 0 1 1 0 0 1 1 0 1 0 1 1]
488: [0 1 0 1 1 0 1 0 1 1 1 0 0 1 1 1]
489: [0 1 0 0 0 0 1 0 1 1 1 1 1 1 1 1]
490: [0 1 0 1 0 1 1 1 1 1 1 0 1 0 1 0]
491: [1 1 0 1 0 0 1 1 0 1 1 0 1 1 1 0]
492: [0 1 0 1 1 0 1 1 1 1 1 0 0 1 1 0]
493: [0 1 0 1 0 0 1 1 1 1 1 0 1 1 1 0]
494: [0 1 0 1 0 0 1 0 1 1 1 0 1 1 1 1]
495: [0 0 0 1 0 1 0 1 1 1 1 1 1 1 1 1]
496: [0 0 1 1 0 1 0 1 1 1 0 1 1 1 1 1]
497: [1 0 0 1 0 1 0 1 0 1 1 1 1 1 1 1]
498: [0 0 0 1 0 1 1 1 1 1 1 1 1 1 0 1]
499: [0 0 0 1 1 1 0 1 1 1 1 1 0 1 1 1]
500: [0 0 1 1 1 1 0 1 1 1 0 1 0 1 1 1]
501: [1 0 0 1 0 1 1 1 0 1 1 1 1 1 0 1]
502: [0 1 0 1 0 1 0 1 1 0 1 1 1 1 1 1]
503: [1 0 1 1 0 1 0 1 0 1 0 1 1 1 1 1]
504: [0 1 1 1 0 1 0 1 1 0 0 1 1 1 1 1]
505: [0 1 0 1 1 1 0 1 1 0 1 1 0 1 1 1]
506: [0 1 1 1 1 1 0 1 1 0 0 1 0 1 1 1]
507: [0 1 0 1 0 1 1 1 1 0 1 1 1 1 0 1]
508: [1 0 0 1 0 1 0 1 1 1 1 1 1 0 1 1]
509: [1 0 1 1 0 1 0 1 1 1 0 1 1 0 1 1]
510: [1 0 0 1 0 0 0 1 1 1 1 1 1 1 1 1]
511: [1 0 0 1 0 1 1 1 1 1 1 1 1 0 0 1]
512: [1 0 0 1 1 0 0 1 1 1 1 1 0 1 1 1]
513: [1 0 1 1 1 0 0 1 1 1 0 1 0 1 1 1]
514: [1 0 0 1 0 0 1 1 1 1 1 1 1 1 0 1]
515: [1 1 0 1 0 0 0 1 1 0 1 1 1 1 1 1]
516: [1 0 1 1 0 0 0 1 1 1 0 1 1 1 1 1]
517: [1 1 1 1 0 0 0 1 1 0 0 1 1 1 1 1]
518: [1 1 0 1 1 0 0 1 1 0 1 1 0 1 1 1]
519: [1 1 1 1 1 0 0 1 1 0 0 1 0 1 1 1]
520: [1 1 0 1 0 0 1 1 1 0 1 1 1 1 0 1]
521: [1 1 0 1 0 1 0 1 1 0 1 1 1 0 1 1]
522: [1 1 1 1 0 1 0 1 1 0 0 1 1 0 1 1]
523: [1 1 0 1 0 1 1 1 1 0 1 1 1 0 0 1]
524: [0 0 0 1 1 1 0 1 1 1 1 1 1 0 1 1]
525: [0 0 1 1 1 1 0 1 1 1 0 1 1 0 1 1]
526: [1 0 0 1 1 0 0 1 0 1 1 1 1 1 1 1]
527: [0 0 0 1 1 1 1 1 1 1 1 1 1 0 0 1]
528: [0 0 0 1 1 0 0 1 1 1 1 1 1 1 1 1]
529: [0 0 1 1 1 0 0 1 1 1 0 1 1 1 1 1]
530: [1 0 0 1 1 0 1 1 0 1 1 1 1 1 0 1]
531: [0 1 0 1 1 0 0 1 1 0 1 1 1 1 1 1]
532: [1 0 1 1 1 0 0 1 0 1 0 1 1 1 1 1]
533: [0 1 1 1 1 0 0 1 1 0 0 1 1 1 1 1]
534: [1 0 0 1 1 1 0 1 0 1 1 1 1 0 1 1]
535: [1 0 1 1 1 1 0 1 0 1 0 1 1 0 1 1]
536: [1 0 0 1 1 1 1 1 0 1 1 1 1 0 0 1]
537: [0 1 0 1 1 0 1 1 1 0 1 1 1 1 0 1]
538: [0 1 0 1 1 1 0 1 1 0 1 1 1 0 1 1]
539: [0 1 1 1 1 1 0 1 1 0 0 1 1 0 1 1]
540: [0 1 0 1 1 1 1 1 1 0 1 1 1 0 0 1]
541: [0 1 0 1 0 1 0 1 1 1 1 1 1 0 1 1]
542: [0 1 1 1 0 1 0 1 1 1 0 1 1 0 1 1]
543: [1 1 0 1 0 0 0 1 0 1 1 1 1 1 1 1]
544: [0 1 0 1 0 1 1 1 1 1 1 1 1 0 0 1]
545: [0 1 0 1 1 0 0 1 1 1 1 1 0 1 1 1]
546: [0 1 1 1 1 0 0 1 1 1 0 1 0 1 1 1]
547: [1 1 0 1 0 0 1 1 0 1 1 1 1 1 0 1]
548: [0 1 0 1 0 0 0 1 1 1 1 1 1 1 1 1]
549: [1 1 1 1 0 0 0 1 0 1 0 1 1 1 1 1]
550: [0 1 1 1 0 0 0 1 1 1 0 1 1 1 1 1]
551: [1 1 0 1 0 1 0 1 0 1 1 1 1 0 1 1]
552: [1 1 1 1 0 1 0 1 0 1 0 1 1 0 1 1]
553: [1 1 0 1 0 1 1 1 0 1 1 1 1 0 0 1]
554: [0 1 0 1 0 0 1 1 1 1 1 1 1 1 0 1]
555: [0 1 0 1 0 1 1 1 1 1 1 1 1 0 1 0]
556: [0 1 1 1 0 1 1 0 1 1 0 1 1 0 1 1]
557: [1 1 0 1 0 0 1 1 0 1 1 1 1 1 1 0]
558: [0 1 0 1 0 1 1 0 1 1 1 1 1 0 1 1]
559: [0 1 0 1 1 0 1 1 1 1 1 1 0 1 1 0]
560: [0 1 1 1 1 0 1 0 1 1 0 1 0 1 1 1]
561: [1 1 0 1 0 0 1 0 0 1 1 1 1 1 1 1]
562: [0 1 0 1 0 0 1 1 1 1 1 1 1 1 1 0]
563: [0 1 1 1 0 1 1 1 1 1 0 1 1 0 1 0]
564: [1 1 1 1 0 0 1 1 0 1 0 1 1 1 1 0]
565: [0 1 1 1 1 0 1 1 1 1 0 1 0 1 1 0]
566: [0 1 1 1 0 0 1 1 1 1 0 1 1 1 1 0]
567: [1 1 0 1 0 1 1 1 0 1 1 1 1 0 1 0]
568: [1 1 1 1 0 1 1 0 0 1 0 1 1 0 1 1]
569: [1 1 0 1 0 1 1 0 0 1 1 1 1 0 1 1]
570: [0 1 0 1 1 0 1 0 1 1 1 1 0 1 1 1]
571: [0 1 0 1 0 0 1 0 1 1 1 1 1 1 1 1]
572: [0 1 0 1 1 1 0 1 1 1 1 1 1 0 1 0]
573: [0 1 1 1 1 1 0 0 1 1 0 1 1 0 1 1]
574: [1 1 0 1 1 0 0 1 0 1 1 1 1 1 1 0]
575: [0 1 0 1 1 1 1 0 1 1 1 1 1 0 0 1]
576: [0 1 0 1 1 0 0 1 1 1 1 1 1 1 1 0]
577: [0 1 0 1 1 1 0 0 1 1 1 1 1 0 1 1]
578: [0 1 1 1 1 0 0 0 1 1 0 1 1 1 1 1]
579: [1 1 0 1 1 0 1 0 0 1 1 1 1 1 0 1]
580: [0 1 1 1 1 1 0 1 1 1 0 1 1 0 1 0]
581: [1 1 1 1 1 0 0 1 0 1 0 1 1 1 1 0]
582: [0 1 1 1 1 0 0 1 1 1 0 1 1 1 1 0]
583: [1 1 0 1 1 1 0 1 0 1 1 1 1 0 1 0]
584: [1 1 1 1 1 1 0 0 0 1 0 1 1 0 1 1]
585: [1 1 0 1 1 1 1 0 0 1 1 1 1 0 0 1]
586: [1 1 0 1 1 1 0 0 0 1 1 1 1 0 1 1]
587: [0 1 0 1 1 0 0 0 1 1 1 1 1 1 1 1]
588: [0 1 0 1 1 0 1 0 1 1 1 1 1 1 0 1]
589: [0 1 0 0 0 1 0 1 1 1 1 1 1 1 1 1]
590: [0 1 1 0 0 1 0 1 1 1 0 1 1 1 1 1]
591: [1 1 0 0 0 1 0 1 0 1 1 1 1 1 1 1]
592: [0 1 0 0 0 1 1 1 1 1 1 1 1 1 0 1]
593: [0 1 0 0 1 1 0 1 1 1 1 1 0 1 1 1]
594: [0 1 0 1 0 1 0 1 1 1 1 0 1 1 1 1]
595: [0 1 1 0 1 1 0 1 1 1 0 1 0 1 1 1]
596: [1 1 0 0 0 1 1 1 0 1 1 1 1 1 0 1]
597: [1 1 1 0 0 1 0 1 0 1 0 1 1 1 1 1]
598: [0 1 0 1 0 1 1 1 1 1 1 0 1 1 0 1]
599: [1 1 0 1 0 1 1 1 0 1 1 0 1 1 0 1]
600: [1 1 0 1 0 1 0 1 0 1 1 0 1 1 1 1]
601: [0 1 0 1 1 1 0 1 1 1 1 0 0 1 1 1]
602: [0 1 1 0 0 1 0 1 1 1 1 1 1 1 1 0]
603: [0 1 1 0 0 1 0 0 1 1 1 1 1 1 1 1]
604: [1 1 1 0 0 1 0 1 0 1 1 1 1 1 1 0]
605: [0 1 1 0 0 1 1 0 1 1 1 1 1 1 0 1]
606: [0 1 1 0 1 1 0 1 1 1 1 1 0 1 1 0]
607: [0 1 1 1 0 1 0 0 1 1 1 0 1 1 1 1]
608: [0 1 1 0 1 1 0 0 1 1 1 1 0 1 1 1]
609: [1 1 1 0 0 1 1 0 0 1 1 1 1 1 0 1]
610: [0 1 1 1 0 1 1 0 1 1 1 0 1 1 0 1]
611: [1 1 1 1 0 1 1 0 0 1 1 0 1 1 0 1]
612: [1 1 1 0 0 1 0 0 0 1 1 1 1 1 1 1]
613: [1 1 1 1 0 1 0 0 0 1 1 0 1 1 1 1]
614: [0 1 1 1 1 1 0 0 1 1 1 0 0 1 1 1]
615: [0 1 1 1 0 1 0 1 1 1 1 0 1 1 1 0]
616: [1 1 1 1 0 1 0 1 0 1 1 0 1 1 1 0]
617: [0 1 1 1 1 1 0 1 1 1 1 0 0 1 1 0]
618: [0 1 0 0 0 1 1 1 1 1 1 1 1 1 1 0]
619: [0 1 1 0 0 1 1 0 1 1 0 1 1 1 1 1]
620: [1 1 0 0 0 1 1 1 0 1 1 1 1 1 1 0]
621: [0 1 0 0 0 1 1 0 1 1 1 1 1 1 1 1]
622: [0 1 0 0 1 1 1 1 1 1 1 1 0 1 1 0]
623: [0 1 0 1 0 1 1 0 1 1 1 0 1 1 1 1]
624: [0 1 1 0 1 1 1 0 1 1 0 1 0 1 1 1]
625: [1 1 0 0 0 1 1 0 0 1 1 1 1 1 1 1]
626: [0 1 1 0 0 1 1 1 1 1 0 1 1 1 1 0]
627: [1 1 1 0 0 1 1 1 0 1 0 1 1 1 1 0]
628: [0 1 1 0 1 1 1 1 1 1 0 1 0 1 1 0]
629: [1 1 0 1 0 1 1 0 0 1 1 0 1 1 1 1]
630: [1 1 1 0 0 1 1 0 0 1 0 1 1 1 1 1]
631: [0 1 0 1 1 1 1 0 1 1 1 0 0 1 1 1]
632: [0 1 0 1 0 1 1 1 1 1 1 0 1 1 1 0]
633: [1 1 0 1 0 1 1 1 0 1 1 0 1 1 1 0]
634: [0 1 0 1 1 1 1 1 1 1 1 0 0 1 1 0]
635: [0 1 0 1 0 1 0 1 1 1 1 1 1 1 1 0]
636: [0 1 1 1 0 1 0 0 1 1 0 1 1 1 1 1]
637: [1 1 0 1 0 1 0 1 0 1 1 1 1 1 1 0]
638: [0 1 0 1 0 1 1 0 1 1 1 1 1 1 0 1]
639: [0 1 0 1 1 1 0 1 1 1 1 1 0 1 1 0]
640: [0 1 0 1 0 1 0 0 1 1 1 1 1 1 1 1]
641: [0 1 1 1 1 1 0 0 1 1 0 1 0 1 1 1]
642: [1 1 0 1 0 1 1 0 0 1 1 1 1 1 0 1]
643: [0 1 1 1 0 1 0 1 1 1 0 1 1 1 1 0]
644: [1 1 1 1 0 1 0 1 0 1 0 1 1 1 1 0]
645: [0 1 1 1 1 1 0 1 1 1 0 1 0 1 1 0]
646: [1 1 1 1 0 1 0 0 0 1 0 1 1 1 1 1]
647: [1 1 0 1 0 1 0 0 0 1 1 1 1 1 1 1]
648: [0 1 0 1 1 1 0 0 1 1 1 1 0 1 1 1]
